time_in_ms,raw_err,err,raw_err_vel,err_vel,raw_inner_err,inner_err,raw_inner_err_vel,inner_err_vel,pwm_model,pwm_real
2106.44,1.26,22.09,-305.61,-178.51,68.41,60.74,1184.93,2149.52,-26.01,-131.34
2118.48,-3.58,18.24,-319.88,-192.65,75.15,70.11,778.55,1395.49,-22.53,-129.47
2130.5,0.57,15.59,-220.36,-195.42,66.69,67.89,-184.67,526.4,-16.12,-126.01
2142.52,0.57,13.34,-187.38,-194.62,33.67,45.65,-1850.35,-780.81,-1.29,0.00
2154.55,-3.58,10.8,-210.94,-196.25,4,18.58,-2250.69,-1589.25,7.55,121.38
2166.58,-8.42,7.92,-239.79,-200.6,-21.84,-7.7,-2185.06,-1916.94,14.64,125.21
2178.6,-16.04,4.32,-298.78,-210.42,-0.53,-3.04,387.43,-649.54,5.04,120.02
2190.62,-19.5,0.75,-297.32,-219.11,-0.12,-1.14,157.92,-205.44,1.10,0.00
2202.64,-19.5,-2.29,-252.56,-222.46,12.94,8.01,761.38,326.31,3.20,0.00
2214.64,-7.73,-3.1,-68.03,-207.01,0.11,2.88,-427.76,-88.43,3.52,0.00
2226.68,-3.58,-3.17,-5.93,-186.91,-19.77,-11.84,-1223.33,-712.63,7.10,121.13
2238.71,0.57,-2.61,46.72,-163.54,-25.22,-20.53,-722.59,-718.11,8.73,122.02
2250.74,0.57,-2.13,39.7,-143.22,-47.07,-37.78,-1432.96,-1111.27,14.62,125.19
2262.78,-3.58,-2.35,-18.01,-130.7,-58.9,-51.51,-1140.71,-1127.47,17.26,126.62
2274.79,-11.19,-3.68,-110.39,-128.67,-36.97,-42.06,786.44,-74.82,8.26,121.76
2286.82,-37.49,-8.75,-421.5,-157.95,28.25,3.64,3798.34,2055.42,-14.85,-125.32
2298.82,-3.58,-7.97,64.6,-135.69,3.51,3.56,-6.92,921.13,-7.01,-121.09
2310.86,4.72,-6.07,158.26,-106.3,-31.98,-19.54,-1919.08,-640.98,8.02,121.63
2322.88,0.57,-5.07,82.88,-87.38,-73.79,-54.81,-2933.9,-1902.09,23.21,129.83
2334.9,-3.58,-4.85,18.64,-76.78,-65.4,-61.69,-572.99,-1171.08,19.43,127.79
2346.93,-32.64,-9.02,-346.51,-103.75,-25.09,-37.9,1977.54,560.66,-1.82,0.00
2358.95,-32.64,-12.56,-294.93,-122.87,25.08,3.04,3407.03,2126.16,-15.23,-125.52
2370.98,4.72,-9.97,215.5,-89.03,-17.05,-10.02,-1085.33,359.84,3.50,0.00
2383.0,5.42,-7.66,192.06,-60.92,-52.55,-37.66,-2300.42,-1103.3,14.54,125.15
2395.02,-7.73,-7.67,-0.88,-54.92,-58.52,-51.22,-1127.01,-1116.34,17.13,126.55
2407.05,8.88,-5.19,206.44,-28.78,-92.6,-78.11,-2236.86,-1732.63,26.33,131.52
2419.05,8.88,-3.08,175.77,-8.33,-100.09,-92.4,-1190.04,-1434.21,26.90,131.82
2431.06,-3.58,-3.15,-6.25,-8.12,-100.06,-97.38,-414.66,-873.46,23.94,130.23
2443.1,13.72,-0.62,210.3,13.72,-110.29,-105.77,-697.25,-776.54,24.82,130.70
2455.13,13.03,1.42,170.14,29.36,-112.77,-110.32,-378.12,-557.41,24.15,130.34
2467.17,0.57,1.3,-10.62,25.37,-68.94,-83.42,2234.72,978.26,8.60,121.94
2479.18,17.18,3.68,198.42,42.67,-74.16,-77.4,501.55,716.07,9.30,122.32
2491.21,17.18,5.7,168.32,55.24,-73.49,-74.86,211.21,438.4,10.75,123.10
2503.23,17.18,7.43,143.21,64.03,-48.37,-57.64,1432.27,985.03,1.95,0.00
2515.23,22.02,9.62,182.42,75.87,-47.51,-51.06,548.85,745.13,-0.39,0.00
2527.26,9.57,9.61,-0.59,68.23,-20.13,-30.95,1671.41,1254.59,-2.52,0.00
2539.29,25.48,11.99,197.98,81.2,-21.01,-24.49,537.19,860.02,3.80,0.00
2551.31,25.48,14.01,168.4,89.92,-16.5,-19.29,432.27,624.76,-0.13,0.00
2563.32,13.72,13.97,-3.67,80.56,-7,-11.3,665.45,647.14,-0.72,0.00
2575.34,29.64,16.32,195.44,92.05,-26,-20.86,-794.82,-145.94,3.93,0.00
2587.35,34.48,19.04,226.86,105.53,-48.2,-38.63,-1480.13,-879.74,13.18,124.42
2599.39,22.02,19.49,37.13,98.69,-42.79,-41.34,-224.63,-519.43,11.19,123.34
2611.41,20.64,19.66,14.35,90.26,-15.2,-24.35,1413.93,543.92,3.77,0.00
2623.44,37.94,22.41,227.93,104.02,-37.74,-33.05,-723.71,-153.28,7.14,121.16
2635.45,37.94,24.74,193.99,113.02,-54.19,-46.79,-1143.98,-698.16,13.43,124.55
2647.46,29.64,25.47,61.22,107.84,-51.37,-49.76,-247.51,-450.3,12.26,123.92
2659.46,25.48,25.47,0.17,97.07,-40.6,-43.81,495.98,70.15,7.58,121.39
2671.49,42.09,27.97,207.19,108.09,-59.59,-54.07,-852.67,-437.4,12.97,124.30
2683.5,42.09,30.09,176.53,114.93,-53.51,-53.7,30.46,-180.08,11.12,123.31
2695.5,37.94,31.26,98.13,113.25,-55.6,-54.94,-102.53,-137.42,11.06,123.27
2707.5,33.79,31.64,31.57,105.08,-28.93,-38.03,1408.6,712.89,-2.67,0.00
2719.52,42.78,33.31,139.05,108.48,-37.68,-37.8,19.28,331.41,-4.64,0.00
2731.53,46.24,35.25,161.53,113.78,-49.19,-45.2,-616.42,-189.9,9.63,122.50
2743.54,46.94,37.01,146,117.01,-58.02,-53.53,-693.92,-467.11,13.07,124.36
2755.56,46.94,38.5,123.85,117.69,-63.47,-59.99,-536.95,-505.52,14.53,125.14
2767.57,37.94,38.41,-6.93,105.23,-31.03,-41.17,1567.78,634.8,3.62,0.00
2779.58,37.94,38.34,-5.89,94.12,-19.69,-27.21,1162.83,925.21,-1.69,0.00
2791.61,42.09,38.9,46.77,89.38,-16.76,-20.41,564.57,726.86,2.60,0.00
2803.63,50.4,40.63,143.37,94.78,-27.67,-25.13,-392.34,111.3,4.21,0.00
2815.64,54.55,42.72,173.89,102.69,-42.26,-36.27,-927.45,-460.01,9.85,122.62
2827.65,59.39,45.22,208.25,113.25,-60.83,-52.23,-1328.85,-937.87,16.08,125.98
2839.65,55.24,46.72,125.29,114.45,-66.84,-61.73,-791.38,-857.3,17.27,126.63
2851.68,50.4,47.27,45.82,107.59,-61.74,-61.74,-0.81,-386.23,14.02,124.87
2863.69,51.09,47.85,47.67,101.6,-37.87,-46.22,1291.91,536.75,-4.56,0.00
2875.7,49.7,48.12,23.23,93.76,-30.93,-36.28,827.8,696.82,4.94,0.00
2887.74,51.09,48.57,36.96,88.08,-26.67,-30.03,519.2,599.13,2.37,0.00
2899.75,46.94,48.32,-20.37,77.23,-15.04,-20.29,810.99,715.65,0.56,0.00
2911.79,50.4,48.64,25.83,72.09,-10.9,-14.18,507.24,601.02,-3.31,0.00
2923.8,51.09,49,30.63,67.95,-7.93,-10.12,338.39,456.57,-4.74,0.00
2935.84,50.4,49.21,17.37,62.89,-3.54,-5.84,355.25,400.85,-3.12,0.00
2947.84,51.09,49.49,23.46,58.95,-0.5,-2.37,289.5,339.6,-2.67,0.00
2959.85,42.78,48.49,-83.8,44.67,17,10.22,1048.26,729.37,-6.91,-121.03
2971.89,46.94,48.25,-19.32,38.27,24.14,19.27,751.56,741.57,-8.66,-121.98
2983.9,50.4,48.58,26.75,37.12,4.55,9.7,-796.29,-104.25,3.07,0.00
2995.92,50.4,48.85,22.72,35.68,-14.59,-6.09,-1313.85,-769.53,6.43,120.77
3007.93,46.94,48.56,-23.88,29.73,-7.72,-7.15,-88.19,-394.79,0.43,0.00
3019.96,50.4,48.84,22.88,29.04,-7.91,-7.65,-41.41,-200.43,3.37,0.00
3031.99,50.4,49.07,19.44,28.08,-7.7,-7.68,-3.06,-91.87,0.92,0.00
3044.03,55.24,50,76.89,32.96,-15.54,-12.79,-424.59,-274.87,-3.08,0.00
3056.06,58.7,51.3,108.51,40.52,-46.99,-35.02,-1847.38,-1139.75,14.31,125.03
3068.08,59.39,52.52,100.93,46.56,-56.91,-49.25,-1183.5,-1163.81,17.09,126.53
3080.11,55.24,52.92,33.99,45.3,-56.97,-54.27,-417.02,-753.08,15.18,125.50
3092.12,50.4,52.55,-31.56,37.62,-28.35,-37.42,1401.64,432.02,2.76,0.00
3104.16,50.4,52.22,-26.79,31.18,-1.17,-13.86,1958.45,1271.55,-6.22,-120.66
3116.16,46.94,51.43,-66.04,21.45,11.09,2.36,1350.43,1314.94,-9.51,-122.43
3128.16,51.09,51.38,-4.27,18.88,13.82,9.81,621.15,933.36,-8.25,-121.75
3140.19,46.24,50.61,-64.05,10.59,4.87,6.6,-267.09,273.11,-5.00,0.00
3152.2,34.48,48.19,-201.4,-10.61,14.1,11.47,405.79,346.09,-0.26,0.00
3164.23,38.63,46.76,-119.15,-21.46,29.54,23.22,975.96,692.52,-9.05,-122.19
3176.26,46.94,46.78,2.25,-19.09,27.08,25.73,208.91,426.53,-7.68,-121.45
3188.28,46.24,46.7,-6.72,-17.85,6.39,13.16,-1045.39,-383.03,2.79,0.00
3200.3,46.24,46.63,-5.71,-16.64,-14.32,-4.7,-1485.28,-989.27,7.69,121.45
3212.32,42.78,46.06,-48.05,-19.78,-9.33,-7.71,-250.34,-582.86,5.44,120.24
3224.34,42.78,45.57,-40.84,-21.89,-5.65,-6.37,111.25,-201.1,0.95,0.00
3236.38,37.94,44.42,-95,-29.2,25.03,14.04,1695.34,841.94,-8.39,-121.83
3248.41,34.48,42.93,-123.93,-38.67,39.28,30.44,1363.33,1128.7,-13.39,-124.53
3260.41,37.94,42.18,-62.35,-41.04,24.33,26.47,-331.16,325.78,-7.12,-121.14
3272.42,37.94,41.55,-53,-42.24,27.56,27.18,59.1,179.11,-6.24,-120.67
3284.42,42.09,41.63,6.83,-37.33,2.68,11.25,-1326.6,-649.03,-1.28,0.00
3296.44,46.24,42.32,57.63,-27.83,-28.75,-14.75,-2163.7,-1482.1,12.94,124.29
3308.46,46.24,42.91,48.95,-20.15,-38.31,-30.06,-1273.7,-1367.48,14.97,125.38
3320.5,37.94,42.16,-61.9,-24.33,-31.75,-31.16,-91.09,-665.47,10.32,122.88
3332.52,29.64,40.29,-156.28,-37.52,-12.54,-19.06,1006.44,254.08,-3.03,0.00
3344.54,29.64,38.69,-132.97,-47.07,2.11,-5.3,1145.65,744.44,0.23,0.00
3356.56,26.18,36.81,-156.07,-57.97,19.02,10.51,1314.49,1057.97,-9.23,-122.29
3368.58,26.18,35.22,-132.66,-65.44,31.59,24.21,1139.77,1102.96,-12.07,-123.82
3380.61,29.64,34.38,-69.58,-65.85,14.97,18.21,-499.37,221.68,-0.61,0.00
3392.63,30.33,33.77,-50.54,-64.32,15.39,16.37,-152.54,15.86,0.55,0.00
3404.64,25.48,32.53,-103.52,-68.24,23.28,20.87,374.03,212.85,-5.31,-120.17
3416.65,33.79,32.72,15.74,-59.84,14.28,16.59,-356.44,-100.26,-2.59,0.00
3428.65,33.79,32.88,13.39,-52.52,-13.27,-2.82,-1616.55,-934.22,6.96,121.06
3440.68,37.94,33.64,63.11,-40.96,-27.26,-18.71,-1320.42,-1146.63,11.35,123.43
3452.69,29.64,33.04,-49.99,-41.86,-4.73,-9.62,757.06,-99.6,4.41,0.00
3464.72,25.48,31.9,-94.13,-47.09,4.13,-0.68,742.33,363.46,0.24,0.00
3476.72,22.02,30.42,-123.5,-54.73,16.51,10.49,931.35,675.8,-6.59,-120.86
3488.76,17.87,28.54,-156.46,-64.9,13,12.12,135.22,378.48,3.13,0.00
3500.78,13.03,26.21,-193.5,-77.76,13.59,13.07,79.45,214.02,0.22,0.00
3512.81,9.57,23.72,-207.57,-90.74,34.56,27.04,1161.07,734.9,-10.05,-122.72
3524.82,0.57,20.25,-289.01,-110.57,65.5,52.04,2080.94,1475.22,-19.75,-127.97
3536.82,-3.58,16.67,-297.7,-129.28,95.64,80.38,2361.31,1962.57,-28.33,-132.60
3548.83,-15.34,11.87,-399.92,-156.35,118.36,105.07,2055.98,2013.95,-33.23,-135.24
3560.84,-16.04,7.68,-348.69,-175.58,111.57,109.29,351.89,1099.82,-27.70,-132.26
3572.85,-49.25,-0.86,-710.97,-229.12,172.72,150.52,3432.39,2382.73,-44.14,-141.13
3584.88,-32.64,-5.62,-396.27,-245.84,165.27,160.11,796.83,1510.49,-39.88,-138.84
3596.92,-40.95,-10.92,-440.21,-265.27,162.24,161.5,115.07,743.01,-34.84,-136.11
3608.92,-45.1,-16.05,-427.06,-281.45,155.4,157.53,-330.01,152.85,-30.04,-133.52
3620.93,-53.4,-21.65,-466.61,-299.97,132.71,141.4,-1343.68,-670.24,-21.39,-128.85
3632.95,-61.71,-27.66,-499.69,-319.94,112.77,122.79,-1547.47,-1152.72,-14.64,-125.21
3644.96,-65.17,-33.29,-468.68,-334.81,86.52,99.21,-1964.41,-1599.15,-7.22,-121.20
3656.96,-90.08,-41.81,-709.42,-372.27,92.1,94.59,-384.96,-931.34,-10.98,-123.23
3669.0,-65.17,-45.31,-291.15,-364.16,36.07,56.55,-3160.56,-2157.41,1.02,0.00
3681.01,-94.23,-52.65,-611.11,-388.86,5.4,23.3,-2769,-2493.79,12.92,124.28
3693.03,-94.23,-58.89,-518.93,-401.86,-20.77,-5.35,-2383.31,-2433.02,17.77,126.90
3705.04,-99.08,-64.91,-502.03,-411.88,-30.89,-21.95,-1382.56,-1855.27,16.84,126.39
3717.06,-107.38,-71.28,-529.94,-423.69,-38.12,-32.46,-874.66,-1315.94,15.05,125.43
3729.09,-123.3,-79.09,-648.19,-446.14,-10.42,-18.13,1190.43,62.57,-0.72,0.00
3741.1,-114.99,-84.47,-448.53,-446.38,-12.66,-14.57,296.47,191.21,1.31,0.00
3753.1,-123.3,-90.29,-485.13,-450.25,9.85,1.3,1322.72,813.54,-5.85,-120.46
3765.12,-133.68,-96.8,-541.35,-459.36,20.07,13.5,1015,924.34,-8.86,-122.09
3777.14,-141.29,-103.47,-555.33,-468.96,31.31,25.08,963.32,945.78,-11.14,-123.32
3789.16,-136.44,-108.42,-411.56,-463.22,21.68,22.87,-183.63,324.6,-6.45,-120.78
3801.16,-132.29,-112,-298.2,-446.72,-3.07,6.01,-1404.39,-626.34,2.81,0.00
3813.18,-157.2,-118.78,-564.09,-458.45,10.65,9.03,251.02,-143.79,3.28,0.00
3825.2,-157.2,-124.54,-479.47,-460.56,11.48,10.62,132.88,8.38,4.93,0.00
3837.23,-144.75,-127.57,-251.95,-439.69,-19.39,-8.89,-1622.04,-888.35,7.76,121.49
3849.26,-169.66,-133.89,-525.01,-448.23,-10.37,-9.85,-80.3,-443.92,-3.71,0.00
3861.26,-153.05,-136.76,-239.39,-427.34,-22.06,-17.79,-660.67,-563.13,7.16,121.17
3873.3,-160.66,-140.35,-297.86,-414.39,-23.53,-21.52,-310.36,-424.11,6.89,121.02
3885.33,-164.82,-144.02,-305.14,-403.47,-3,-9.48,1000.86,359.62,1.50,0.00
3897.33,-157.9,-146.1,-173.47,-380.47,-19.34,-15.89,-533.89,-131.81,-4.70,0.00
3909.35,-160.66,-148.28,-181.69,-360.59,-32.23,-26.51,-883.17,-545.05,8.64,121.96
3921.37,-164.82,-150.76,-206.37,-345.17,-39.71,-35.09,-714.31,-638.14,10.86,123.16
3933.39,-168.97,-153.49,-227.17,-333.37,-23.06,-27.27,650.42,70.57,2.28,0.00
3945.41,-169.66,-155.92,-201.66,-320.2,-28.48,-28.05,-64.95,-3.97,5.19,120.10
3957.42,-161.36,-156.73,-67.89,-294.97,-31.39,-30.22,-180.21,-100.9,6.26,120.68
3969.45,-160.66,-157.32,-49.01,-270.37,-54.09,-45.74,-1290.63,-755.26,13.63,124.66
3981.47,-152.36,-156.58,61.95,-237.14,-89.71,-74.32,-2377.8,-1647.66,25.04,130.82
3993.5,-157.2,-156.67,-7.78,-214.2,-112.35,-99.04,-2054.25,-1871.28,31.13,134.11
4005.51,-169.66,-158.62,-162.17,-209,-91.6,-94.2,402.24,-620.84,21.62,128.97
4017.52,-173.81,-160.9,-189.82,-207.08,-66.52,-76.21,1499.22,545.19,10.26,122.84
4029.54,-153.05,-159.72,97.9,-176.58,-100.78,-92.18,-1328.44,-485.31,20.31,128.27
4041.54,-165.51,-160.59,-72.31,-166.16,-88.72,-89.93,187.45,-115.29,17.34,126.67
4053.57,-156.51,-159.98,50.85,-144.46,-92.67,-91.71,-147.74,-133.14,17.79,126.91
4065.61,-153.05,-158.94,86.3,-121.38,-99.36,-96.68,-412.78,-286.94,19.77,127.98
4077.64,-148.21,-157.33,133.88,-95.86,-110.32,-105.55,-737.45,-534.72,23.11,129.78
4089.64,-153.05,-156.69,53.46,-80.92,-87.88,-94.07,956.53,285.47,15.34,125.58
4101.67,-141.29,-154.38,192.05,-53.63,-102.86,-99.78,-475.28,-132.95,19.28,127.71
4113.7,-145.44,-153.04,111.39,-37.12,-84.23,-89.67,839.95,402.15,13.72,124.71
4125.7,-144.06,-151.69,112.27,-22.19,-64.06,-73.02,1387.58,944.14,6.92,121.04
4137.72,-136.44,-149.4,190.39,-0.93,-53.21,-60.14,1072.2,1014.57,-2.06,0.00
4149.72,-114.99,-144.24,430.14,42.18,-73.41,-68.76,-718.53,61.37,12.23,123.90
4161.75,-111.53,-139.33,407.64,78.72,-86.23,-80.12,-943.19,-491.14,18.13,127.09
4173.75,-119.84,-136.41,243.74,95.23,-72.67,-75.27,403.54,0.94,13.84,124.78
4185.77,-119.84,-133.92,206.85,106.39,-52.36,-60.38,1239.17,681.97,6.40,120.76
4197.8,-107.38,-129.94,330.91,128.84,-48.13,-52.42,661.79,670.87,5.02,120.01
4209.8,-99.08,-125.31,385.83,154.54,-29.51,-37.53,1240.88,984.37,4.03,0.00
4221.82,-94.23,-120.65,388,177.88,-28.35,-31.56,496.47,716.02,-0.80,0.00
4233.83,-82.47,-114.92,476.96,207.79,-37.16,-35.2,-303.05,155.53,5.40,120.22
4245.86,-78.32,-109.43,456.37,232.65,-40.17,-38.43,-268.22,-77.53,7.61,121.41
4257.88,-82.47,-105.39,336.38,243.02,-24.06,-29.09,776.84,392.37,-3.41,0.00
4269.9,-77.62,-101.22,346.57,253.38,-8.32,-15.59,1123.63,794.56,2.98,0.00
4281.91,-82.47,-98.41,234.29,251.47,24.02,10.16,2143.67,1536.57,-12.47,-124.03
4293.91,-86.62,-96.64,147.37,241.06,48.48,35.07,2075.82,1833.16,-19.10,-127.61
4305.94,-70.7,-92.75,323.25,249.28,47.52,43.16,672.69,1194.9,-16.19,-126.04
4317.96,-57.56,-87.47,439.49,268.3,-8.11,9.84,-2774.2,-988.11,5.01,120.00
4329.96,-61.02,-83.5,330.47,274.52,-27.02,-14.12,-1995.17,-1541.99,13.24,124.45
4341.97,-66.55,-80.96,211.75,268.24,-28.88,-23.72,-799.03,-1133.36,12.18,123.88
4353.97,-49.25,-76.2,396.35,281.05,-56.91,-45.29,-1798.19,-1499.02,18.68,127.39
4365.99,-61.71,-74.03,180.9,271.04,-34.14,-38.05,602.94,-342.94,9.37,122.36
4378.01,-37.49,-68.55,456.32,289.56,-70.21,-58.95,-1740.56,-1111.63,18.52,127.30
4390.03,-45.1,-65.03,293.1,289.92,-62.11,-61,-170.91,-594.24,15.33,125.58
4402.04,-49.25,-62.66,196.65,280.59,-40.64,-47.77,1099.55,337.35,6.46,120.79
4414.07,-32.64,-58.16,374.37,289.97,-44.72,-45.79,164.82,242.45,6.75,120.95
4426.08,-36.1,-54.85,275.36,288.51,-34.14,-38.21,630.37,455.81,0.51,0.00
4438.1,-40.26,-52.66,182.15,277.87,-10.79,-20.39,1482.73,1020.61,2.61,0.00
4450.1,-24.34,-48.41,354.04,285.49,-12.29,-15.13,438.6,700.5,1.10,0.00
4462.12,-23.65,-44.7,309.07,287.85,-26.54,-22.55,-617.09,-24.17,-3.05,0.00
4474.15,-31.95,-42.79,158.97,274.96,-0.06,-7.93,1215.16,657.46,-0.54,0.00
4486.19,-16.04,-38.77,333.4,280.8,-18.74,-14.96,-584.03,-25.36,4.45,0.00
4498.19,-32.64,-37.85,76.61,260.38,-1.27,-6.06,741.37,396.34,-0.03,0.00
4510.2,-16.04,-34.58,272.65,261.61,-12.97,-10.55,-374.05,-27.38,3.94,0.00
4522.22,-7.73,-30.55,334.96,268.95,-33.19,-25.27,-1223.94,-685.49,9.38,122.36
4534.23,-9.12,-27.34,267.81,268.83,-63.08,-49.84,-2046.92,-1434.27,19.07,127.60
4546.25,-20.19,-26.27,89.24,250.87,-48.55,-49,69.88,-606.99,13.21,124.43
4558.26,0.57,-22.24,335.14,259.3,-50.15,-49.75,-61.97,-307.23,11.27,123.39
4570.29,0.57,-18.82,284.41,261.81,-43.9,-45.95,316.05,35.58,8.21,121.73
4582.31,4.72,-15.29,293.88,265.02,-58.41,-54.05,-674.01,-354.7,12.39,123.99
4594.34,-11.19,-14.67,51.05,243.62,-19.26,-31.44,1878.98,873.83,2.71,0.00
4606.36,1.26,-12.28,198.94,239.15,-2.73,-12.78,1552.68,1247.19,-6.25,-120.68
4618.38,-2.89,-10.87,117.24,226.96,4.95,-1.26,958.73,1088.54,-7.28,-121.23
4630.4,9.57,-7.81,255.09,229.78,-7.68,-5.43,-347.14,298.92,2.06,0.00
4642.4,1.26,-6.45,113.39,218.14,-20.1,-14.97,-794.84,-302.65,-0.67,0.00
4654.43,13.03,-3.52,242.7,220.59,-31.91,-25.98,-914.88,-639.38,9.19,122.26
4666.46,13.03,-1.04,206.36,219.17,-38.43,-34.07,-672.61,-657.65,10.81,123.14
4678.47,4.72,-0.18,72.03,204.46,-26.48,-29.14,410.76,-70.03,5.84,120.46
4690.48,17.87,2.53,225.47,206.56,-17.54,-21.6,628.06,313.92,2.82,0.00
4702.5,17.87,4.83,191.38,205.04,-23.38,-22.76,-96.55,88.16,2.58,0.00
4714.52,4.72,4.82,-1.34,184.4,-2.69,-9.72,1085.78,636.85,-3.62,0.00
4726.55,21.33,7.29,205.9,186.55,-12.77,-11.7,-165.06,195.8,-4.60,0.00
4738.57,21.33,9.4,175.14,185.41,-18.37,-16.04,-360.42,-110.12,2.28,0.00
4750.6,13.03,9.94,45.26,171.4,-6.1,-9.58,537.14,245.87,-4.19,0.00
4762.6,9.57,9.89,-4.69,153.79,11.69,4.25,1151.59,744.02,-5.92,-120.49
4774.62,21.33,11.6,142.87,152.7,7.29,6.22,164.52,425.29,-0.69,0.00
4786.62,30.33,14.41,233.98,160.82,-9.83,-4.21,-869.18,-286.66,0.64,0.00
4798.63,25.48,16.07,138.35,158.58,-12.89,-9.85,-470.25,-387.64,-2.93,0.00
4810.64,21.33,16.86,65.7,149.29,-6.13,-7.43,201.6,-63.56,-2.47,0.00
4822.64,8.88,15.66,-99.79,124.38,42.32,24.91,2694.27,1453.25,-14.61,-125.19
4834.67,22.02,16.62,79.29,119.87,43.78,37.17,1019.47,1214.67,-15.22,-125.52
4846.67,25.48,17.95,110.82,118.97,20.72,26.48,-891.47,56.29,-5.26,-120.14
4858.68,30.33,19.81,154.6,122.53,-8.5,3.74,-1892.73,-1015.67,6.32,120.71
4870.7,34.48,22.01,183.26,128.6,-21.62,-12.74,-1372.23,-1211.78,10.71,123.08
4882.72,34.48,23.88,155.56,131.3,-10.59,-11.34,116.34,-481.31,5.41,120.22
4894.74,33.79,25.36,123.76,130.54,-14.59,-13.45,-175.83,-313.3,-1.92,0.00
4906.76,30.33,26.11,61.91,123.68,-10.11,-11.28,180.69,-41.61,1.27,0.00
4918.78,34.48,27.37,104.51,121.76,-31.92,-24.7,-1116.67,-632.89,8.91,122.11
4930.81,34.48,28.43,88.74,118.46,-32.04,-29.47,-396.55,-502.9,8.89,122.10
4942.81,29.64,28.61,15.05,108.12,-22.27,-24.79,389.58,-12.04,2.35,0.00
4954.84,34.48,29.49,73.17,104.63,-21.6,-22.72,172.71,89.58,3.32,0.00
4966.85,33.79,30.14,53.66,99.53,-18.56,-20.02,224.82,163.96,-4.17,0.00
4978.87,33.79,30.69,45.55,94.13,-34.63,-29.51,-789.97,-360.7,7.92,121.58
4990.89,33.79,31.15,38.74,88.59,-30.58,-30.21,-57.63,-194.01,6.90,121.02
5002.9,34.48,31.65,41.58,83.89,-27.48,-28.43,147.7,-6.07,5.27,120.15
5014.92,34.48,32.08,35.33,79.04,-23.98,-25.54,240.85,129.73,-4.17,0.00
5026.95,29.64,31.71,-30.38,68.09,7.84,-3.84,1802.84,1049.94,-6.54,-120.83
5038.98,33.79,32.02,25.94,63.88,11.06,5.85,805.51,915.5,-7.39,-121.29
5051.0,33.79,32.29,22.05,59.7,-5.32,-1.41,-603.44,80.09,2.31,0.00
5063.02,29.64,31.89,-33.05,50.42,5.23,2.91,358.91,233.44,0.23,0.00
5075.02,25.48,30.93,-80.05,37.37,1.64,2.08,-68.63,67.3,0.97,0.00
5087.04,17.18,28.87,-171.62,16.48,29.14,19.67,1463.52,835.22,-9.38,-122.37
5099.06,13.03,26.49,-197.71,-4.94,58.16,44.69,2082.08,1520.99,-18.72,-127.41
5111.07,17.87,25.2,-107.61,-15.21,52.85,49.99,441.67,927.36,-15.60,-125.72
5123.1,26.18,25.34,12.2,-12.47,29.92,36.95,-1083.72,-178.73,-5.57,-120.31
5135.1,25.48,25.37,1.75,-11.05,8.72,18.6,-1528.81,-921.27,3.84,0.00
5147.14,25.48,25.38,1.48,-9.79,-32.01,-14.3,-2734.11,-1918.33,15.87,125.87
5159.18,21.33,24.78,-50.47,-13.86,-26,-21.9,-631.8,-1210.74,12.38,123.99
5171.21,13.72,23.12,-137.82,-26.26,-8.3,-13.06,735.06,-140.55,-1.50,0.00
5183.23,13.72,21.71,-117.22,-35.35,5.31,-1.12,992.99,482.9,2.16,0.00
5195.26,17.18,21.03,-56.48,-37.47,9.6,5.85,579.24,535.89,-2.00,0.00
5207.27,21.33,21.07,3.79,-33.34,5.32,5.51,-28.22,225.63,-3.48,0.00
5219.28,25.48,21.74,55.05,-24.5,-5.63,-1.73,-602.53,-229.86,-4.24,0.00
5231.32,22.02,21.78,3.6,-21.69,11.13,6.63,694.99,278.81,1.52,0.00
5243.35,25.48,22.34,46.18,-14.9,2.57,3.99,-219.42,4.79,1.64,0.00
5255.38,20.64,22.08,-21.12,-15.53,4,4,0.72,2.55,-4.03,0.00
5267.39,8.88,20.1,-164.95,-30.47,25.28,17.83,1152.19,634.85,-7.66,-121.44
5279.43,5.42,17.9,-182.99,-45.72,47.58,37.17,1606.6,1169.31,-14.91,-125.35
5291.43,5.42,16.03,-156.01,-56.75,64.6,55,1485.93,1343.45,-19.39,-127.77
5303.45,5.42,14.43,-132.35,-64.31,57.54,56.65,137.4,680.12,-15.12,-125.46
5315.46,17.87,14.95,42.97,-53.58,25.45,36.37,-1689.47,-623.16,3.06,0.00
5327.46,22.02,16.01,88.4,-39.38,-11.85,5.03,-2611.3,-1716.63,10.92,123.20
5339.46,13.03,15.56,-37.28,-39.17,-30.34,-17.96,-1915.84,-1826.2,15.91,125.89
5351.47,4.72,13.94,-135.36,-48.79,-15.52,-16.38,132.15,-749.11,8.18,121.72
5363.48,4.72,12.56,-115.05,-55.42,-4.47,-8.64,644.05,17.13,0.07,0.00
5375.49,5.42,11.49,-89.21,-58.8,22.04,11.3,1661.52,921.54,-8.44,-121.86
5387.51,8.88,11.09,-32.54,-56.17,20.67,17.39,506.3,693.16,-7.98,-121.61
5399.55,13.03,11.38,24.11,-48.14,-8,0.89,-1371.26,-442.27,-3.37,0.00
5411.55,13.72,11.73,29.21,-40.41,-16.86,-10.65,-961.1,-727.63,6.98,121.07
5423.55,17.18,12.55,68.08,-29.56,-50.03,-36.25,-2133.32,-1500.76,17.02,126.49
5435.55,17.18,13.25,57.85,-20.82,-60.99,-52.33,-1340.04,-1412.36,19.37,127.76
5447.58,17.18,13.84,49.05,-13.83,-69.87,-63.73,-947.42,-1156.65,19.71,127.94
5459.58,13.03,13.72,-10.09,-13.46,-50.14,-54.9,735.98,-115.7,10.90,123.19
5471.59,13.72,13.72,0.07,-12.1,-51.5,-52.69,184.1,49.19,9.36,122.35
5483.6,13.03,13.61,-8.58,-11.75,-31.81,-39.12,1130.26,643.78,2.91,0.00
5495.61,8.88,12.9,-59.14,-16.49,-5.09,-17,1841.47,1302.51,-5.86,-120.46
5507.61,5.42,11.78,-93.57,-24.2,6.22,-1.91,1257.31,1277.65,-8.46,-121.87
5519.63,9.57,11.45,-27.58,-24.54,7.62,4.28,514.83,858.1,-6.71,-120.92
5531.67,4.72,10.44,-83.76,-30.46,-2.95,-0.42,-390.28,171.49,2.07,0.00
5543.68,4.72,9.58,-71.36,-34.55,3.89,2.38,232.85,205.24,-3.99,0.00
5555.69,9.57,9.58,-0.17,-31.11,-19.26,-11.68,-1171.23,-551.82,5.96,120.52
5567.72,8.88,9.47,-8.77,-28.88,-21.15,-17.84,-511.59,-529.69,6.94,121.05
5579.73,9.57,9.49,1.17,-25.87,-24.2,-21.98,-344.51,-427.84,7.00,121.08
5591.74,4.72,8.77,-59.51,-29.24,-18.55,-19.75,185.3,-90.61,4.49,0.00
5603.74,8.88,8.79,1.28,-26.18,-21.65,-20.99,-103.04,-97.45,-3.71,0.00
5615.78,4.03,8.08,-59.3,-29.5,-16.06,-17.78,266.28,102.6,2.52,0.00
5627.78,4.72,7.57,-41.86,-30.73,-32.93,-27.63,-819.63,-404.63,7.88,121.55
5639.82,5.42,7.25,-26.88,-30.35,-32.28,-30.65,-251.15,-320.21,7.85,121.54
5651.83,1.26,6.35,-74.72,-34.79,-5.25,-14.14,1373.79,611.49,-1.33,0.00
5663.83,0.57,5.49,-72.24,-38.53,1.27,-4.13,834.58,734.19,-3.84,0.00
5675.86,1.26,4.85,-52.65,-39.94,4.7,1.61,477.34,592.92,-2.42,0.00
5687.88,0.57,4.21,-53.39,-41.29,-11.61,-6.98,-714.82,-126.33,3.92,0.00
5699.9,4.03,4.18,-2.21,-37.38,-15.43,-12.47,-456.95,-308.17,-3.49,0.00
5711.94,4.03,4.16,-1.88,-33.83,-18.91,-16.66,-347.53,-329.82,5.34,120.18
5723.97,0.57,3.62,-44.72,-34.92,3.61,-3.48,1094.74,453.69,-0.44,0.00
5736.01,1.26,3.27,-29.4,-34.37,4.19,1.51,414.57,432.17,1.37,0.00
5748.04,4.03,3.38,9.51,-29.98,-0.56,0.16,-111.69,133.05,2.15,0.00
5760.05,9.57,4.31,77.29,-19.25,-14.26,-9.21,-780.81,-369.57,3.88,0.00
5772.08,17.18,6.24,160.49,-1.28,-38.41,-28.19,-1577.87,-1034.13,12.32,123.95
5784.08,13.72,7.36,93.46,8.2,-51.47,-43.32,-1260.74,-1158.77,15.97,125.92
5796.08,21.33,9.46,174.61,24.84,-55.11,-50.98,-638.29,-872.5,15.40,125.62
5808.09,17.18,10.62,96.46,32,-46.26,-47.92,255.45,-252.13,10.56,123.00
5820.1,22.02,12.33,142.5,43.05,-62.79,-57.58,-805.16,-556.3,14.43,125.09
5832.12,17.87,13.16,69.17,45.66,-48.35,-51.58,499.13,24.19,9.32,122.34
5844.14,13.72,13.24,7,41.79,-25.04,-34.33,1434.78,800.01,2.49,0.00
5856.18,17.87,13.94,57.7,43.39,-9.14,-17.96,1360.75,1108.42,-1.05,0.00
5868.2,13.03,13.8,-11.35,37.91,16.48,4.43,1862.29,1523.05,-11.32,-123.41
5880.2,9.57,13.17,-52.9,28.83,27.59,19.49,1254.44,1375.31,-13.08,-124.36
5892.21,8.88,12.52,-53.57,20.59,37.89,31.45,996.06,1166.72,-13.84,-124.77
5904.24,8.88,11.98,-45.48,13.98,46.25,41.07,799.82,964.93,-14.21,-124.98
5916.26,8.88,11.51,-38.7,8.72,33.29,36.02,-420.65,202.86,-8.03,-121.63
5928.26,4.72,10.49,-84.83,-0.64,26.2,29.63,-531.97,-201.3,-1.09,0.00
5940.29,4.72,9.63,-71.92,-7.77,16.38,21.02,-715.93,-484.35,-4.74,0.00
5952.32,13.03,10.14,42.38,-2.75,-9.98,0.87,-1674.02,-1138.67,7.70,121.46
5964.34,17.18,11.19,87.94,6.32,-22.43,-14.27,-1260.7,-1205.78,10.95,123.21
5976.34,17.18,12.09,74.78,13.16,-32.15,-25.89,-967.55,-1074.76,12.18,123.88
5988.35,17.18,12.86,63.58,18.2,-39.63,-34.82,-744.01,-892.85,12.57,124.09
6000.36,17.18,13.5,54.03,21.79,-25.58,-28.81,500.42,-126.55,6.17,120.63
6012.39,9.57,12.91,-49.07,14.7,-16.6,-20.88,659.62,305.85,-0.26,0.00
6024.39,5.42,11.79,-93.69,3.86,-2.17,-8.72,1013.19,694.89,-0.25,0.00
6036.41,4.72,10.73,-88.19,-5.34,10.43,3.73,1035.69,882.33,-6.77,-120.96
6048.41,8.88,10.45,-23.16,-7.12,13.1,9.82,507.67,676.27,-6.47,-120.80
6060.44,8.88,10.22,-19.64,-8.38,-4.6,0.45,-779.45,-124.38,-4.53,0.00
6072.44,8.88,10.02,-16.74,-9.21,-22.84,-14.69,-1261.08,-749.57,7.87,121.55
6084.47,8.88,9.84,-14.19,-9.71,-21.79,-19.31,-383.84,-548.41,7.34,121.26
6096.49,8.88,9.7,-12.07,-9.95,-21.09,-20.47,-96.59,-299.91,5.84,120.45
6108.5,8.88,9.58,-10.27,-9.98,-0.95,-7.78,1056.32,446.02,-2.05,0.00
6120.5,8.88,9.47,-8.73,-9.85,-0.74,-3.21,381.08,410.3,-2.68,0.00
6132.53,4.72,8.76,-59.21,-14.79,6.47,3.08,523.16,472.38,3.71,0.00
6144.53,0.57,7.53,-102.29,-23.54,19.15,13.53,870.01,691.08,-7.26,-121.22
6156.54,4.72,7.11,-35.04,-24.69,1.94,5.99,-627.23,-33.99,-2.83,0.00
6168.59,9.57,7.48,30.62,-19.16,-4.77,-1.01,-581.15,-334.93,0.34,0.00
6180.62,8.88,7.69,17.43,-15.5,-9.1,-6.27,-437.52,-391.36,-1.67,0.00
6192.63,4.72,7.24,-37.02,-17.65,-5.53,-5.79,40.06,-154.08,3.15,0.00
6204.65,3.34,6.66,-48.71,-20.76,-0.55,-2.38,283.29,86.47,4.89,0.00
6216.66,4.72,6.37,-24.16,-21.1,0.72,-0.37,167.88,131.25,1.47,0.00
6228.66,8.88,6.74,31.34,-15.85,-5.73,-3.85,-290.38,-100.65,2.27,0.00
6240.66,5.42,6.55,-16.6,-15.93,-5.02,-4.61,-63.1,-80,1.77,0.00
6252.69,4.72,6.27,-22.71,-16.61,-3.47,-3.87,61.82,-2,-4.83,0.00
6264.72,5.42,6.14,-10.67,-16.01,-3.65,-3.73,11.74,5.56,-1.57,0.00
6276.74,4.72,5.93,-17.71,-16.18,-2.8,-3.12,50.09,30.05,-3.03,0.00
6288.77,4.72,5.75,-15.04,-16.07,-2.33,-2.61,42.68,36.99,2.85,0.00
6300.81,4.72,5.6,-12.78,-15.74,-2.17,-2.32,23.75,29.71,4.07,0.00
6312.81,4.72,5.47,-10.9,-15.25,-2.24,-2.27,4.76,15.99,-4.93,0.00
6324.83,4.03,5.25,-17.87,-15.52,-1.29,-1.63,53.01,36.35,3.52,0.00
6336.83,4.03,5.07,-15.22,-15.49,-0.73,-1.05,48.67,43.13,2.52,0.00
6348.86,4.72,5.02,-4.28,-14.37,-1.69,-1.46,-34.67,0.34,2.81,0.00
6360.86,9.57,5.7,56.87,-7.24,-11,-7.66,-516.03,-283.66,-1.66,0.00
6372.89,9.57,6.28,48.27,-1.69,-18.4,-14.64,-580.88,-447.13,5.78,120.42
6384.89,4.72,6.05,-19.43,-3.47,-15.88,-15.45,-67.17,-238.15,-0.37,0.00
6396.9,4.72,5.85,-16.51,-4.77,-13.94,-14.47,81.45,-62.37,-2.63,0.00
6408.92,9.57,6.41,46.43,0.35,-20.85,-18.62,-344.95,-217.79,0.44,0.00
6420.95,8.88,6.78,30.81,3.4,-25.08,-22.82,-349.35,-290.15,6.20,120.65
6432.97,8.88,7.09,26.2,5.68,-28.37,-26.43,-300.2,-295.68,6.90,121.03
6444.99,8.88,7.36,22.27,7.34,-11.18,-16.51,824.79,320.58,3.75,0.00
6457.02,8.18,7.48,10.29,7.63,-11.87,-13.49,251.13,282.38,3.50,0.00
6469.04,8.88,7.69,17.38,8.61,-13.51,-13.5,-0.94,126.55,-1.80,0.00
6481.04,9.57,7.97,23.45,10.09,-15.9,-15.06,-129.46,-14.25,0.63,0.00
6493.05,8.88,8.11,11.28,10.21,-16.45,-15.96,-75.24,-47.79,3.18,0.00
6505.06,4.72,7.6,-42.26,4.96,-9.58,-11.81,345.54,168.54,-4.47,0.00
6517.06,5.42,7.27,-27.3,1.74,-5.3,-7.58,352.52,269.73,1.40,0.00
6529.09,8.88,7.51,20,3.56,-7.9,-7.79,-17.13,111.96,-2.02,0.00
6541.12,9.57,7.82,25.62,5.77,-11.09,-9.93,-178.49,-47.79,-3.11,0.00
6553.14,9.57,8.08,21.78,7.37,-13.53,-12.27,-194.28,-128.36,1.20,0.00
6565.16,9.57,8.31,18.54,8.49,-15.36,-14.28,-167.08,-149.66,2.04,0.00
6577.18,9.57,8.5,15.74,9.21,-16.69,-15.84,-130.44,-139.09,-3.91,0.00
6589.2,9.57,8.66,13.38,9.63,-17.62,-17,-96.05,-115.42,4.72,0.00
6601.2,8.88,8.69,2.74,8.94,-17.04,-17.02,-2.09,-53.09,3.89,0.00
6613.22,8.88,8.72,2.33,8.28,-16.47,-16.66,30.17,-7.3,0.67,0.00
6625.24,4.03,8.02,-58.49,1.6,-7.54,-10.73,493.42,268.09,3.08,0.00
6637.24,4.03,7.42,-49.77,-3.53,-0.49,-4.08,554.53,425.64,4.99,0.00
6649.24,3.34,6.81,-50.95,-8.28,6.21,2.61,556.8,497.78,-0.81,0.00
6661.27,4.72,6.49,-25.97,-10.05,8.98,6.75,344.19,413.3,-0.02,0.00
6673.29,4.72,6.23,-22.07,-11.25,11.03,9.53,231.4,313.26,0.43,0.00
6685.32,4.72,6,-18.75,-12,12.5,11.46,160.46,229.22,-0.87,0.00
6697.34,5.42,5.92,-7.32,-11.53,12.31,12.01,46.18,128.55,-2.51,0.00
6709.34,4.72,5.74,-14.88,-11.86,13.22,12.8,65.23,93.72,0.91,0.00
6721.37,4.72,5.59,-12.61,-11.94,13.78,13.44,53.06,71.36,3.94,0.00
6733.38,8.88,6.08,41.11,-6.63,6.89,9.18,-353.98,-162.58,4.04,0.00
6745.4,8.18,6.39,26.3,-3.34,2.59,4.9,-356.81,-269.41,-2.48,0.00
6757.4,5.42,6.25,-12.22,-4.23,3.95,4.28,-51.49,-149.55,1.16,0.00
6769.43,4.72,6.02,-18.99,-5.7,6.15,5.5,101.25,-11.61,0.15,0.00
6781.45,4.72,5.83,-16.16,-6.75,7.82,7.01,125.67,63.89,-1.62,0.00
6793.45,4.72,5.66,-13.75,-7.45,9.05,8.33,110.54,89.55,-1.08,0.00
6805.45,4.72,5.52,-11.69,-7.87,9.92,9.37,85.99,87.59,-3.64,0.00
6817.48,8.88,6.02,41.88,-2.9,3.34,5.45,-326,-139.89,1.83,0.00
6829.51,8.88,6.45,35.56,0.95,-1.88,0.68,-395.67,-280.57,4.80,0.00
6841.53,8.88,6.82,30.27,3.88,-5.98,-3.64,-360.17,-324.35,-3.76,0.00
6853.57,9.57,7.23,34.32,6.92,-10.34,-8,-361.66,-344.87,-1.93,0.00
6865.58,7.49,7.27,3.3,6.56,-10.11,-9.37,-114.17,-217.98,-3.48,0.00
6877.61,7.49,7.3,2.8,6.18,-9.84,-9.67,-25.41,-112.07,0.35,0.00
6889.63,4.72,6.92,-32.16,2.35,-4.77,-6.48,265.32,95.5,-4.57,0.00
6901.65,5.42,6.69,-18.69,0.25,-1.94,-3.53,245.47,177.98,4.40,0.00
6913.66,8.88,7.02,27.3,2.95,-5.7,-4.94,-117.2,15.63,-2.44,0.00
6925.7,8.88,7.3,23.17,4.97,-8.61,-7.33,-198.36,-102.06,-2.43,0.00
6937.73,8.88,7.53,19.69,6.45,-10.84,-9.61,-189.91,-150.38,1.85,0.00
6949.76,7.49,7.53,-0.51,5.75,-10.13,-9.95,-27.79,-82.95,0.67,0.00
6961.79,8.88,7.73,16.83,6.86,-11.88,-11.21,-104.62,-94.87,0.36,0.00
6973.83,8.88,7.9,14.29,7.6,-13.18,-12.49,-106.39,-101.21,-0.29,0.00
6985.86,5.42,7.53,-30.99,3.74,-8.12,-9.65,235.75,84.12,3.73,0.00
6997.88,5.42,7.21,-26.36,0.73,-4.1,-6.04,300.21,202.97,-3.52,0.00
7009.9,4.72,6.84,-31.02,-2.45,0.27,-1.94,341.12,278.96,-0.40,0.00
7021.92,9.57,7.25,34.08,1.21,-4.69,-3.73,-149.01,43.58,-0.18,0.00
7033.93,4.72,6.87,-31.52,-2.06,-0.21,-1.44,190.51,124.39,-4.03,0.00
7045.96,8.88,7.17,25.02,0.64,-3.88,-3.03,-131.84,-16.54,2.96,0.00
7057.98,13.03,8.05,73.05,7.88,-13.93,-10.12,-589.4,-331.61,0.33,0.00
7070.0,13.03,8.8,62.18,13.31,-21.75,-17.68,-629.7,-495.56,6.67,120.90
7082.02,17.18,10.05,104.63,22.45,-34.91,-28.88,-931.64,-735.4,10.39,122.91
7094.02,17.18,11.12,89.05,29.11,-25.28,-26.54,194.98,-223.69,6.43,120.77
7106.03,17.87,12.14,84.32,34.63,-34.04,-31.41,-406.01,-323.97,8.02,121.63
7118.03,13.72,12.37,19.81,33.15,-33.32,-32.65,-103.17,-202.53,7.41,121.30
7130.05,8.88,11.85,-43.63,25.47,-23.96,-27,469.91,167.31,1.98,0.00
7142.08,8.88,11.4,-37.07,19.21,-16.28,-20.03,579.4,393.96,-3.38,0.00
7154.11,4.72,10.4,-83.23,8.97,-2.83,-8.85,928.97,688.22,-4.59,0.00
7166.12,9.57,10.28,-10.4,7.03,-0.49,-3.42,452.4,558.52,3.90,0.00
7178.15,13.03,10.69,34.31,9.76,-4.54,-4.15,-60.72,217.94,-3.02,0.00
7190.16,17.18,11.66,81.09,16.89,-14.79,-11.07,-576.09,-218.77,2.04,0.00
7202.18,17.18,12.49,68.86,22.09,-22.64,-18.59,-625.64,-442.55,6.47,120.80
7214.21,17.18,13.19,58.49,25.73,-28.53,-25.05,-537.18,-494.59,8.02,121.63
7226.24,17.18,13.79,49.72,28.13,-13.13,-17.3,644.19,131.74,4.58,0.00
7238.24,22.02,15.03,102.87,35.6,-24.55,-22.02,-392.79,-156.75,5.13,120.07
7250.26,21.33,15.97,78.66,39.91,-31.89,-28.43,-533.66,-364.05,7.74,121.48
7262.29,21.33,16.78,66.84,42.6,-37.15,-34.1,-471.28,-423.03,9.19,122.26
7274.31,21.33,17.46,56.85,44.03,-40.77,-38.43,-360.38,-388.57,9.75,122.57
7286.33,21.33,18.04,48.33,44.46,-23.34,-28.62,816.05,273.97,-3.44,0.00
7298.35,22.02,18.64,49.71,44.98,-25.78,-26.77,153.8,207.88,-4.62,0.00
7310.36,17.18,18.42,-18.21,38.66,-18.76,-21.57,433.66,332.06,-0.81,0.00
7322.39,17.18,18.23,-15.45,33.25,-12.75,-15.84,476.17,411.32,4.31,0.00
7334.39,17.87,18.18,-4.52,29.48,-8.8,-11.27,381.03,394.66,-3.24,0.00
7346.4,17.18,18.03,-12.49,25.28,-4.13,-6.63,386.5,390.17,0.73,0.00
7358.4,21.33,18.53,41.28,26.88,-7.31,-7.07,-37.24,155.09,5.00,0.00
7370.41,21.33,18.95,35.06,27.7,-9.48,-8.64,-130.2,-1.82,-4.25,0.00
7382.43,17.18,18.68,-22.03,22.72,-3.66,-5.4,269.11,147.19,1.25,0.00
7394.43,21.33,19.08,33.14,23.77,-5.97,-5.77,-30.96,49.21,4.89,0.00
7406.45,17.18,18.79,-23.7,19.02,-0.32,-2.23,295.25,184.53,-1.45,0.00
7418.48,17.18,18.55,-20.12,15.11,4.37,2.06,356.61,279.17,-3.32,0.00
7430.51,13.03,17.72,-68.84,6.71,15.42,10.75,721.33,522.36,-5.58,-120.31
7442.54,9.57,16.5,-101.66,-4.13,10.46,10.56,-15.42,226.58,-1.02,0.00
7454.57,9.57,15.46,-86.48,-12.36,22.02,18.01,619.64,442.76,-6.37,-120.74
7466.57,4.72,13.85,-134.2,-24.55,39.36,31.89,1156.39,835.26,-11.63,-123.58
7478.6,4.72,12.48,-113.73,-33.46,52.66,45.39,1121.74,992.83,-15.20,-125.51
7490.63,4.72,11.32,-96.74,-39.79,62.71,56.65,936.02,961.58,-17.06,-126.51
7502.66,0.57,9.71,-134.05,-49.22,57.58,57.25,50.47,460.47,-13.71,-124.70
7514.66,5.42,9.06,-53.58,-49.65,40.36,46.28,-914.21,-295.6,-6.47,-120.80
7526.67,1.26,7.89,-97.44,-54.43,29.17,35.16,-926.02,-642.33,-0.95,0.00
7538.68,0.57,6.8,-91.38,-58.13,16.67,23.14,-1000.14,-839.13,1.72,0.00
7550.68,8.88,7.11,26.02,-49.71,-12.46,0,-1928.16,-1438.09,9.92,122.66
7562.72,13.72,8.1,82.42,-36.5,-48.55,-31.56,-2622.43,-2089.48,20.22,128.22
7574.76,17.87,9.57,121.8,-20.67,-69.08,-55.95,-2026.13,-2054.64,24.47,130.51
7586.76,17.87,10.81,103.84,-8.22,-65.8,-62.35,-533.96,-1218.26,19.88,128.03
7598.76,17.87,11.87,88.24,1.43,-78.84,-73.07,-892.66,-1039.18,20.61,128.43
7610.8,13.03,12.04,14.43,2.73,-80.69,-78.03,-411.84,-694.14,19.15,127.64
7622.8,8.88,11.57,-39.58,-1.5,-55.23,-63.21,1234.29,366.49,9.10,122.21
7634.82,8.88,11.17,-33.6,-4.71,-31.02,-42.28,1740.89,1122.41,3.32,0.00
7646.82,8.88,10.82,-28.61,-7.1,-27.53,-32.69,799.23,944.66,-4.66,0.00
7658.86,1.26,9.39,-119.11,-18.3,-11.74,-19.07,1131.49,1047.42,2.05,0.00
7670.88,4.72,8.69,-58.16,-22.29,-5.52,-10.26,732.69,874.31,-3.32,0.00
7682.9,4.72,8.09,-49.5,-25.01,-0.89,-4.17,507,672.29,-1.44,0.00
7694.91,5.42,7.69,-33.44,-25.85,1.24,-0.66,292.59,463.46,4.43,0.00
7706.92,4.03,7.14,-45.69,-27.84,4.98,3,304.69,376.13,4.98,0.00
7718.94,1.26,6.26,-73.37,-32.39,-7.36,-3.73,-560.55,-139.04,3.91,0.00
7730.96,4.72,6.03,-19.19,-31.07,-7.94,-6.47,-227.79,-187.85,-0.53,0.00
7742.98,4.72,5.84,-16.29,-29.59,-8.79,-7.98,-125.58,-153.61,-4.14,0.00
7754.98,5.42,5.77,-5.23,-27.16,-11.03,-9.96,-165.12,-159.94,2.17,0.00
7767.0,1.26,5.1,-56.27,-30.07,-5.95,-7.36,216.84,47.29,-1.82,0.00
7779.0,4.72,5.04,-4.64,-27.53,-8.32,-7.98,-52.04,-7.34,-3.77,0.00
7791.02,4.72,4.99,-3.94,-25.17,-10.52,-9.63,-137.52,-78.94,0.50,0.00
7803.03,4.03,4.85,-12,-23.85,-11.38,-10.77,-94.52,-87.51,-0.71,0.00
7815.06,4.72,4.83,-1.55,-21.62,-13.55,-12.58,-150.3,-122.04,4.30,0.00
7827.06,9.57,5.54,59.21,-13.54,-23.91,-19.94,-613.51,-392.35,6.38,120.74
7839.08,8.88,6.04,41.64,-8.02,-11.31,-14.33,466.71,80.13,-0.83,0.00
7851.08,9.57,6.57,44.09,-2.81,-18.22,-16.86,-210.4,-79.66,2.08,0.00
7863.08,8.88,6.92,28.81,0.35,-22.49,-20.52,-304.64,-203.4,5.18,120.10
7875.11,17.18,8.46,128.01,13.12,-40.18,-33.3,-1062.57,-675.94,10.79,123.13
7887.14,17.18,9.77,108.84,22.69,-53.94,-46.71,-1115.87,-917.9,14.93,125.36
7899.17,13.72,10.36,49.31,25.35,-58.5,-54.37,-636.68,-763.23,15.27,125.55
7911.19,17.18,11.38,85.11,31.33,-48.04,-50.26,342.53,-155.06,10.32,122.87
7923.21,17.87,12.36,81,36.3,-56.12,-54.07,-317.19,-244.23,11.63,123.58
7935.23,13.03,12.46,8.4,33.51,-33.94,-40.99,1088.32,488.67,3.32,0.00
7947.24,21.33,13.79,110.92,41.25,-45.95,-44.21,-268.48,72.24,7.64,121.42
7959.24,17.18,14.3,42.4,41.36,-27.98,-33.66,879,515.95,-3.63,0.00
7971.27,17.18,14.73,35.95,40.82,-9.11,-17.7,1326.21,961.59,-0.56,0.00
7983.29,22.02,15.82,91.04,45.84,-17.63,-17.66,3.73,434.77,-2.14,0.00
7995.3,21.33,16.65,68.8,48.14,-22.57,-20.85,-266.01,49.34,-3.55,0.00
8007.34,22.02,17.46,67.01,50.03,-27.04,-24.87,-334.23,-161.63,5.69,120.37
8019.36,17.18,17.42,-3.44,44.68,-21.56,-22.72,179.04,25.74,1.12,0.00
8031.38,17.18,17.38,-2.92,39.92,-16.69,-18.8,326.41,191.11,4.96,0.00
8043.4,22.02,18.08,57.96,41.72,-20.72,-20.05,-103.98,28.81,-4.22,0.00
8055.43,21.33,18.57,40.58,41.61,-22.17,-21.43,-114.57,-50.05,-3.07,0.00
8067.44,13.03,17.73,-69.16,30.53,-8.44,-12.98,703.26,364.27,-0.88,0.00
8079.48,17.18,17.65,-6.9,26.79,-4.43,-7.42,462.07,418.06,-4.26,0.00
8091.48,9.57,16.44,-101,14.01,12.23,5.35,1064.21,773.44,-6.32,-120.71
8103.48,8.88,15.3,-94.5,3.16,26.71,19.24,1156.59,984.18,-10.33,-122.88
8115.51,5.42,13.82,-123.35,-9.49,24.4,22.59,279.02,596.34,-8.27,-121.77
8127.52,4.72,12.46,-113.6,-19.9,39.18,33.37,897.43,761.94,-11.40,-123.45
8139.54,4.72,11.3,-96.49,-27.56,50.55,44.53,928.74,853.68,-14.08,-124.91
8151.58,1.26,9.79,-125.03,-37.31,45.4,45.09,46.51,409.74,-11.12,-123.31
8163.59,0.57,8.41,-115.1,-45.09,37.89,40.41,-389.84,-30.03,-7.23,-121.20
8175.62,8.88,8.48,5.83,-40,12.86,22.5,-1488.25,-832.05,-4.72,0.00
8187.63,8.88,8.54,4.96,-35.5,-11.54,0.38,-1842.7,-1387.91,9.51,122.43
8199.63,17.18,9.84,108.01,-21.15,-49.75,-32.21,-2714.89,-2117.75,20.54,128.39
8211.66,13.03,10.31,39.83,-15.05,-57.38,-48.57,-1360.58,-1701.31,20.68,128.46
8223.66,13.03,10.72,33.93,-10.15,-63.58,-58.33,-813.15,-1212.82,19.10,127.61
8235.69,13.03,11.07,28.77,-6.26,-48.87,-52.18,511.08,-264.68,11.43,123.47
8247.71,13.03,11.36,24.47,-3.19,-52.88,-52.64,-38.06,-140.03,10.65,123.05
8259.73,17.87,12.34,81.24,5.26,-64.45,-60.32,-638.85,-414.38,13.96,124.84
8271.74,13.72,12.55,17.26,6.46,-46.6,-51.4,742.05,221.65,7.93,121.58
8283.76,17.87,13.35,66.48,12.46,-35.45,-41.03,862.64,574.2,4.79,0.00
8295.78,17.18,13.92,47.88,16,-40.83,-40.9,10.79,264.32,5.70,120.38
8307.82,13.03,13.79,-11.11,13.29,-37.7,-38.82,173.23,214.22,5.66,120.36
8319.83,13.03,13.67,-9.47,11.01,-15.34,-23.56,1270.6,795.23,0.59,0.00
8331.83,9.57,13.06,-51.28,4.78,12.57,-0.08,1956.28,1433.81,-9.88,-122.63
8343.87,4.72,11.81,-103.82,-6.08,27.43,17.8,1484.97,1461.95,-13.36,-124.52
8355.89,8.88,11.37,-36.58,-9.13,31.88,26.95,761.77,1076.85,-12.39,-123.99
8367.91,8.88,10.99,-31.09,-11.32,15.56,19.55,-616.02,145.77,2.26,0.00
8379.93,5.42,10.16,-69.57,-17.15,4.35,9.67,-821.44,-386.2,3.02,0.00
8391.94,13.03,10.59,35.88,-11.84,-22.04,-10.94,-1717.15,-1118.22,9.73,122.55
8403.96,17.18,11.58,82.22,-2.44,-34.61,-26.32,-1279.15,-1206.73,13.17,124.41
8415.97,13.03,11.8,18.14,-0.38,-37.36,-33.5,-597.75,-871.79,12.18,123.88
8427.99,17.18,12.6,67.19,6.38,-46.71,-42.08,-713.9,-784.95,13.16,124.41
8440.02,13.72,12.77,13.94,7.13,-48,-45.93,-319.68,-529.05,12.10,123.83
8452.03,17.18,13.43,55.09,11.93,-54.91,-51.77,-486.29,-505.53,13.01,124.33
8464.04,13.03,13.37,-5.04,10.23,-33.31,-39.77,999.08,322.01,5.10,120.05
8476.05,8.88,12.7,-56.13,3.6,-4.8,-17.04,1892,1185.5,-5.04,-120.02
8488.05,4.72,11.5,-99.66,-6.73,9.35,0.11,1429.45,1319.67,-9.13,-122.23
8500.06,9.57,11.21,-24.13,-8.47,-7.7,-4.96,-422.48,361.49,1.83,0.00
8512.07,4.03,10.13,-89.68,-16.59,-15.84,-12.03,-588.84,-161.19,-1.50,0.00
8524.08,1.26,8.8,-110.8,-26.01,-2.16,-5.62,534.37,221.37,2.85,0.00
8536.08,0.57,7.57,-102.89,-33.7,9.48,4.19,817.6,549.3,0.99,0.00
8548.09,0.57,6.52,-87.34,-39.06,18.2,13.3,757.6,663.87,-7.03,-121.09
8560.11,4.72,6.25,-22.4,-37.4,17.39,15.96,221.58,420.61,-5.84,-120.45
8572.12,4.72,6.02,-19.06,-35.56,-3.42,3.36,-1049.02,-387.68,0.99,0.00
8584.13,4.72,5.83,-16.2,-33.63,-24.44,-14.71,-1505.3,-1002.38,9.62,122.50
8596.16,0.57,5.04,-65.52,-36.82,-18.73,-17.32,-217.28,-570.58,7.12,121.15
8608.17,4.72,4.99,-3.92,-33.53,-21.87,-20.28,-245.9,-392,6.44,120.78
8620.2,4.72,4.95,-3.33,-30.51,-5.05,-10.38,823.36,276.45,-1.91,0.00
8632.2,1.26,4.4,-46.09,-32.07,-1.72,-4.75,468.98,382.34,4.30,0.00
8644.22,4.03,4.34,-4.56,-29.32,-24.01,-17.27,-1040.55,-400.25,5.94,120.51
8656.25,4.72,4.4,4.75,-25.91,-27.6,-23.98,-558.25,-487.15,7.77,121.50
8668.28,8.88,5.07,55.83,-17.74,-37.92,-33.04,-753.39,-633.58,10.45,122.94
8680.29,17.18,6.89,151.21,-0.84,-60.63,-50.97,-1492.74,-1106.12,17.01,126.49
8692.31,17.18,8.43,128.43,12.09,-58.78,-56.05,-422.28,-730.01,15.35,125.59
8704.34,21.33,10.37,160.83,26.96,-79.85,-71.52,-1285.79,-1035.69,20.31,128.27
8716.35,17.18,11.39,85.11,32.78,-69.22,-70.03,124.31,-397.69,15.63,125.74
8728.35,21.33,12.88,124.29,41.93,-83.15,-78.55,-710.69,-569.84,18.39,127.23
8740.35,13.03,12.9,1.85,37.92,-59.5,-66.17,1031.91,311.13,10.03,122.72
8752.38,17.18,13.55,53.34,39.46,-23.67,-38.54,2296.49,1403.08,4.81,0.00
8764.41,9.57,12.95,-49.59,30.56,6.86,-9.03,2453.47,1980.79,-12.01,-123.78
8776.45,5.42,11.82,-93.84,18.12,22.91,11.73,1724.7,1839.94,-14.85,-125.32
8788.48,4.72,10.75,-88.46,7.46,17.26,15.33,298.91,992.37,-9.67,-122.52
8800.48,5.42,9.95,-66.7,0.04,27.24,23.07,645.14,801.4,-9.77,-122.58
8812.51,4.72,9.17,-65.21,-6.48,16.56,18.84,-351.62,167.24,-0.26,0.00
8824.54,4.72,8.5,-55.4,-11.37,23.59,21.93,256.44,216.3,-5.53,-120.28
8836.57,4.72,7.94,-47.11,-14.95,9.26,13.7,-684.27,-279.01,2.39,0.00
8848.58,4.03,7.35,-48.74,-18.33,-5.2,1.42,-1022.26,-687.8,-1.22,0.00
8860.6,8.88,7.58,19.06,-14.59,-29.38,-18.6,-1666.31,-1225.98,11.88,123.72
8872.62,17.18,9.02,119.81,-1.15,-67.14,-50.15,-2624.8,-1995.33,23.00,129.72
8884.64,17.18,10.24,101.84,9.15,-81.36,-70.43,-1687.45,-1825.99,25.56,131.10
8896.67,17.87,11.39,95.11,17.75,-73.9,-72.69,-187.35,-924.74,19.76,127.97
8908.67,17.18,12.26,72.41,23.21,-62.44,-66.02,555.3,-110.72,12.91,124.27
8920.68,17.87,13.1,70.1,27.9,-69.82,-68.49,-205.35,-162.76,13.73,124.71
8932.7,13.03,13.09,-0.88,25.02,-47.2,-54.65,1152.41,560.58,6.19,120.64
8944.7,9.57,12.56,-44,18.12,-18.89,-31.41,1936.84,1317.53,-3.44,0.00
8956.72,8.18,11.9,-54.59,10.85,10.19,-4.37,2248.58,1829.61,-11.82,-123.68
8968.74,5.42,10.93,-80.94,1.67,42.2,25.9,2517.42,2207.91,-20.00,-128.10
8980.78,4.72,10,-77.35,-6.23,53.08,43.56,1467.72,1800.81,-20.44,-128.34
8992.8,5.42,9.31,-57.22,-11.33,40.66,41.68,-156.92,724.06,-12.66,-124.14
9004.83,9.57,9.35,3.19,-9.88,19.38,27.18,-1204.87,-336.85,-4.15,0.00
9016.85,8.88,9.28,-5.92,-9.48,-0.5,9.19,-1497.02,-974.94,5.04,120.02
9028.87,8.88,9.22,-5.03,-9.04,-0.75,2.72,-537.47,-734.34,2.61,0.00
9040.87,17.87,10.52,108.16,2.68,-16.63,-9.85,-1048.29,-907.01,8.07,121.66
9052.88,21.33,12.14,135.05,15.92,-35.06,-26.24,-1363.67,-1158.17,12.82,124.22
9064.9,22.02,13.62,123.44,26.67,-50.55,-42.04,-1315.94,-1244.95,16.33,126.12
9076.92,17.18,14.16,44.37,28.44,-54.03,-49.84,-647.86,-916.55,15.49,125.67
9088.96,17.18,14.61,37.71,29.37,-36.7,-41.3,709.75,-22.08,7.75,121.49
9100.97,17.87,15.1,40.73,30.5,-19.69,-27.25,1168.84,632.92,-3.30,0.00
9112.98,22.02,16.14,86.54,36.11,-28.62,-28.14,-73.91,244.17,3.53,0.00
9124.99,21.33,16.92,64.85,38.98,-14.27,-19.12,750.15,522.46,1.60,0.00
9137.0,22.02,17.68,63.82,41.47,-19.21,-19.18,-4.45,232.66,1.59,0.00
9149.02,13.03,16.99,-58.06,31.51,-26.73,-24.09,-408.3,-119.86,5.26,120.14
9161.04,17.87,17.12,11.07,29.47,-25.11,-24.75,-55.44,-84.43,5.14,120.07
9173.06,8.88,15.88,-102.92,16.23,-7.92,-13.81,911.08,463.1,2.83,0.00
9185.07,0.57,13.59,-191.11,-4.5,39.88,21.09,2904.09,1805.65,-16.34,-126.12
9197.08,5.42,12.36,-102.01,-14.25,53.55,42.19,1756.7,1778.73,-20.04,-128.12
9209.1,5.42,11.32,-86.71,-21.5,44.41,43.63,120.56,866.73,-14.01,-124.87
9221.11,8.88,10.95,-30.5,-22.4,26.77,32.68,-912.39,-111.78,-5.24,-120.13
9233.12,13.03,11.26,25.92,-17.57,1.23,12.24,-1700.76,-985.72,-1.93,0.00
9245.14,13.03,11.53,22.03,-13.61,-43,-23.66,-2987.85,-2086.89,18.75,127.43
9257.17,11.64,11.55,1.45,-12.1,-44.56,-37.24,-1128.67,-1559.87,17.62,126.81
9269.17,1.26,10,-128.52,-23.74,-47.69,-44.04,-565.94,-1013.21,15.09,125.45
9281.2,0.57,8.59,-117.66,-33.14,-33.77,-37.37,554.8,-150.81,7.92,121.57
9293.21,4.72,8.01,-48.24,-34.65,-30.41,-32.84,376.33,139.12,5.08,120.05
9305.22,8.88,8.14,10.83,-30.1,-15.66,-21.67,929.79,573.99,2.43,0.00
9317.26,4.03,7.52,-51.2,-32.21,-11.58,-15.11,545.41,558.27,-2.75,0.00
9329.27,4.03,7,-43.58,-33.35,-8.77,-10.99,343.27,440.02,0.73,0.00
9341.29,4.72,6.66,-28.4,-32.85,-8.17,-9.16,152.5,281.88,-3.28,0.00
9353.3,9.57,7.1,36.33,-25.93,-16.48,-13.92,-396.4,-91.17,0.43,0.00
9365.31,5.42,6.84,-20.97,-25.44,-16.17,-15.39,-122.11,-108.19,2.83,0.00
9377.33,8.88,7.15,25.38,-20.36,-22.23,-19.84,-370.4,-252.41,5.39,120.21
9389.34,8.88,7.41,21.59,-16.16,-7.54,-11.85,665.3,252.33,2.91,0.00
9401.36,4.72,7.01,-33.48,-17.89,-4.52,-7.09,395.98,331.34,1.53,0.00
9413.38,5.42,6.77,-19.82,-18.09,-3.57,-4.8,190.25,253.74,3.63,0.00
9425.38,5.42,6.56,-16.87,-17.96,-3.04,-3.66,95.12,166.5,-1.57,0.00
9437.39,4.72,6.29,-22.98,-18.47,-1.66,-2.36,108.26,134.47,0.89,0.00
9449.41,4.72,6.05,-19.52,-18.57,-0.8,-1.35,84.12,106.78,-1.56,0.00
9461.45,4.03,5.75,-25.19,-19.23,0.83,0.07,117.53,112.69,0.71,0.00
9473.46,4.72,5.6,-12.81,-18.59,0.68,0.47,33.12,68.93,-2.74,0.00
9485.49,9.57,6.19,49.53,-11.78,-8.04,-5.06,-459.61,-221.77,4.52,0.00
9497.52,4.72,5.97,-18.31,-12.43,-6.68,-6.12,-87.51,-147.92,-4.53,0.00
9509.52,1.26,5.27,-58.83,-17.07,0.22,-2,342.91,122.03,3.06,0.00
9521.55,4.72,5.19,-6.75,-16.04,-0.55,-1.06,78.03,97.83,-4.03,0.00
9533.57,0.57,4.49,-57.58,-20.19,5.81,3.41,371.85,248.54,-1.90,0.00
9545.58,-3.58,3.28,-100.77,-28.25,17.75,12.73,775.6,538.42,-6.06,-120.57
9557.61,1.26,2.98,-25.17,-27.94,18.41,16.42,306.99,411.13,-5.86,-120.46
9569.62,1.26,2.72,-21.41,-27.29,-1.14,5.01,-949.58,-337.26,4.03,0.00
9581.66,5.42,3.13,33.58,-21.2,-8.52,-3.78,-730.41,-553.49,-3.51,0.00
9593.68,9.57,4.09,80.36,-11.05,-21.76,-15.47,-972.01,-783.67,8.25,121.76
9605.69,17.18,6.06,163.49,6.41,-45.5,-34.99,-1625.56,-1246.71,15.04,125.42
9617.7,13.03,7.1,87.13,14.48,-56.92,-49.24,-1187.46,-1214.12,17.44,126.72
9629.72,13.72,8.1,82.57,21.29,-47.19,-47.91,110.86,-485.38,12.16,123.87
9641.75,13.03,8.84,61.53,25.31,-33.87,-38.79,758.59,198.8,5.77,120.41
9653.77,4.72,8.22,-51.27,17.66,-4.53,-16.52,1851.7,1107.9,-1.06,0.00
9665.81,0.57,7.07,-95.29,6.36,30.15,13.81,2520.31,1884.73,-15.55,-125.69
9677.83,5.42,6.82,-20.64,3.66,33.64,26.7,1071.87,1437.65,-14.83,-125.31
9689.83,8.88,7.13,25.67,5.86,30.45,29.14,203.3,758.76,-10.60,-123.02
9701.84,13.03,8.02,73.69,12.64,1.13,10.93,-1516.69,-492.74,2.41,0.00
9713.86,22.02,10.12,174.83,28.86,-21.81,-10.35,-1770.97,-1195.76,10.16,122.78
9725.87,21.33,11.8,140,39.98,-38.31,-28.53,-1512.39,-1369.91,14.70,125.24
9737.88,13.03,11.98,15.36,37.51,-36.44,-33.67,-428.53,-852.15,12.08,123.82
9749.88,13.03,12.14,13.05,35.07,-14.78,-21.39,1022.31,178.8,3.15,0.00
9761.88,21.33,13.52,114.9,43.05,-27.18,-25.15,-313.35,-91.88,5.26,120.14
9773.92,22.02,14.8,106,49.35,-37.56,-33.22,-669.82,-409.75,8.94,122.13
9785.94,22.02,15.88,90.22,53.43,-25.4,-28.14,422.55,48.01,-0.09,0.00
9797.97,17.18,16.08,16.23,49.71,-22.31,-24.35,315.13,194.92,0.73,0.00
9809.99,17.87,16.34,22.44,46.99,-20.44,-21.81,211.2,203.88,2.50,0.00
9822.0,13.03,15.85,-41.42,38.14,-10.01,-14.14,638.71,443.04,-1.87,0.00
9834.01,17.18,16.05,16.65,35.99,-8.5,-10.47,305.05,367.14,4.44,0.00
9846.04,17.18,16.22,14.14,33.81,-6.86,-8.12,195.43,272.7,-1.80,0.00
9858.06,17.87,16.47,20.65,32.49,-6.34,-6.96,96.57,175.83,-2.28,0.00
9870.1,17.18,16.57,8.92,30.14,-4.32,-5.25,142.61,157.56,-3.80,0.00
9882.12,17.87,16.77,16.22,28.74,-3.55,-4.15,91.46,121.21,-2.59,0.00
9894.13,17.18,16.83,5.16,26.39,-1.39,-2.36,148.93,136.45,0.91,0.00
9906.14,17.18,16.88,4.38,24.18,0.64,-0.41,162.04,150.53,3.44,0.00
9918.17,21.33,17.55,55.52,27.32,-4.63,-3.15,-228.19,-57.77,3.09,0.00
9930.17,17.18,17.49,-4.62,24.12,-1.26,-1.92,102.55,30.4,0.30,0.00
9942.19,17.18,17.45,-3.92,21.32,1.69,0.43,195.61,121.27,4.16,0.00
9954.2,13.03,16.78,-55.2,13.67,11.47,7.6,597.57,383.23,-3.49,0.00
9966.23,13.72,16.33,-38.2,8.48,18.12,14.44,568.34,485.04,-6.00,-120.54
9978.24,13.72,15.93,-32.53,4.38,23.48,20.31,489.02,487.23,-7.10,-121.13
9990.25,8.88,14.88,-88.1,-4.87,36.11,30.58,854.55,689.26,-10.38,-122.91
10002.26,4.72,13.35,-126.77,-17.06,33.46,32.45,155.83,395.87,-8.70,-122.00
