time_in_ms,raw_rotation_vel,pwm_model,pwm_real
2799.16,0.0,33.93,-33.93
2831.09,0.0,34.4,-34.4
2843.1,0.0,34.58,-34.58
2855.12,0.0,34.76,-34.76
2867.14,0.0,34.93,-34.93
2879.16,0.0,35.11,-35.11
2891.2,0.0,35.29,-35.29
2903.22,0.0,35.47,-35.47
2915.25,0.0,35.64,-35.64
2927.27,0.0,35.82,-35.82
2939.29,0.0,36.0,-36.0
2951.31,0.0,36.18,-36.18
2963.34,0.0,36.35,-36.35
2975.36,0.0,36.53,-36.53
2987.38,0.0,36.71,-36.71
2999.41,0.0,36.89,-36.89
3011.43,0.0,37.06,-37.06
3023.44,0.0,37.24,-37.24
3035.46,0.0,37.42,-37.42
3047.48,0.0,37.6,-37.6
3059.5,0.0,37.77,-37.77
3071.53,0.0,37.95,-37.95
3083.55,0.0,38.13,-38.13
3095.59,0.0,38.31,-38.31
3107.62,0.0,38.48,-38.48
3119.64,0.0,38.66,-38.66
3131.65,0.0,38.84,-38.84
3143.66,0.0,39.02,-39.02
3155.68,0.0,39.19,-39.19
3167.69,0.0,39.37,-39.37
3179.72,0.0,39.55,-39.55
3191.75,0.0,39.72,-39.72
3203.77,0.0,39.9,-39.9
3215.79,0.0,40.08,-40.08
3227.8,0.0,40.26,-40.26
3239.82,0.0,40.43,-40.43
3251.83,0.0,40.61,-40.61
3263.85,0.0,40.79,-40.79
3275.88,0.0,40.97,-40.97
3287.9,0.0,41.14,-41.14
3299.92,0.0,41.32,-41.32
3311.95,0.0,41.5,-41.5
3323.95,0.0,41.68,-41.68
3335.96,0.0,41.85,-41.85
3347.98,0.0,42.03,-42.03
3359.99,0.0,42.21,-42.21
3372.02,0.0,42.39,-42.39
3384.04,0.0,42.56,-42.56
3396.05,0.0,42.74,-42.74
3408.07,0.0,42.92,-42.92
3420.09,0.0,43.09,-43.09
3432.1,0.0,43.27,-43.27
3444.12,0.0,43.45,-43.45
3456.16,0.0,43.63,-43.63
3468.18,0.0,43.8,-43.8
3480.2,0.0,43.98,-43.98
3492.24,0.0,44.16,-44.16
3504.27,0.0,44.34,-44.34
3516.29,0.0,44.51,-44.51
3528.32,0.0,44.69,-44.69
3540.35,0.0,44.87,-44.87
3552.38,0.0,45.05,-45.05
3564.4,0.0,45.22,-45.22
3576.42,0.0,45.4,-45.4
3588.46,0.0,45.58,-45.58
3600.48,0.0,45.76,-45.76
3612.51,0.0,45.93,-45.93
3624.54,0.0,46.11,-46.11
3636.56,0.0,46.29,-46.29
3648.6,0.0,46.47,-46.47
3660.62,0.0,46.64,-46.64
3672.64,0.0,46.82,-46.82
3684.67,0.0,47.0,-47.0
3696.7,0.0,47.18,-47.18
3708.73,0.0,47.35,-47.35
3720.76,0.0,47.53,-47.53
3732.79,0.0,47.71,-47.71
3744.83,0.0,47.89,-47.89
3756.84,0.0,48.06,-48.06
3768.85,0.0,48.24,-48.24
3780.87,0.0,48.42,-48.42
3792.89,0.0,48.6,-48.6
3804.92,0.0,48.77,-48.77
3816.94,0.0,48.95,-48.95
3828.97,0.0,49.13,-49.13
3841.0,0.0,49.31,-49.31
3853.04,0.0,49.48,-49.48
3865.07,0.0,49.66,-49.66
3877.1,0.0,49.84,-49.84
3889.13,0.0,50.02,-50.02
3901.16,0.0,50.19,-50.19
3913.18,0.0,50.37,-50.37
3925.21,0.0,50.55,-50.55
3937.21,0.0,50.73,-50.73
3949.23,0.0,50.9,-50.9
3961.25,0.0,51.08,-51.08
3973.26,0.0,51.26,-51.26
3985.29,0.0,51.44,-51.44
3997.32,0.0,51.61,-51.61
4009.36,0.0,51.79,-51.79
4021.37,0.0,51.97,-51.97
4033.38,0.0,52.15,-52.15
4045.4,0.0,52.32,-52.32
4057.42,0.0,52.5,-52.5
4069.44,0.0,52.68,-52.68
4081.44,0.0,52.86,-52.86
4093.47,0.0,53.03,-53.03
4105.51,0.0,53.21,-53.21
4117.54,0.0,53.39,-53.39
4129.56,0.0,53.57,-53.57
4141.58,0.0,53.74,-53.74
4153.6,0.0,53.92,-53.92
4165.64,0.0,54.1,-54.1
4177.65,0.0,54.27,-54.27
4189.67,0.0,54.45,-54.45
4201.68,0.0,54.63,-54.63
4213.72,0.0,54.81,-54.81
4225.72,0.0,54.98,-54.98
4237.74,0.0,55.16,-55.16
4249.75,0.0,55.34,-55.34
4261.76,0.0,55.52,-55.52
4273.76,0.0,55.69,-55.69
4285.78,0.0,55.87,-55.87
4297.8,0.0,56.05,-56.05
4309.8,0.0,56.23,-56.23
4321.84,0.0,56.4,-56.4
4333.87,0.0,56.58,-56.58
4345.9,0.0,56.76,-56.76
4357.94,0.0,56.94,-56.94
4369.97,0.0,57.11,-57.11
4381.97,0.0,57.29,-57.29
4393.97,0.0,57.47,-57.47
4405.97,0.0,57.64,-57.64
4417.98,0.0,57.82,-57.82
4430.02,0.0,58.0,-58.0
4442.04,0.0,58.18,-58.18
4454.06,0.0,58.35,-58.35
4466.07,0.0,58.53,-58.53
4478.08,0.0,58.71,-58.71
4490.11,0.0,58.89,-58.89
4502.15,0.0,59.06,-59.06
4514.17,0.0,59.24,-59.24
4526.2,0.0,59.42,-59.42
4538.23,0.0,59.6,-59.6
4550.26,0.0,59.77,-59.77
4562.3,0.0,59.95,-59.95
4574.33,0.0,60.13,-60.13
4586.36,0.0,60.31,-60.31
4598.36,0.0,60.48,-60.48
4610.38,0.0,60.66,-60.66
4622.41,0.0,60.84,-60.84
4634.44,0.0,61.02,-61.02
4646.47,0.0,61.19,-61.19
4658.47,0.0,61.37,-61.37
4670.48,0.0,61.55,-61.55
4682.51,0.0,61.73,-61.73
4694.54,0.0,61.9,-61.9
4706.57,0.0,62.08,-62.08
4718.58,0.0,62.26,-62.26
4730.61,0.0,62.44,-62.44
4742.62,0.0,62.61,-62.61
4754.63,0.0,62.79,-62.79
4766.66,0.0,62.97,-62.97
4778.66,0.0,63.14,-63.14
4790.66,0.0,63.32,-63.32
4802.67,0.0,63.5,-63.5
4814.67,0.0,63.68,-63.68
4826.67,0.0,63.85,-63.85
4838.67,0.0,64.03,-64.03
4850.7,0.0,64.21,-64.21
4862.7,0.0,64.38,-64.38
4874.7,0.0,64.56,-64.56
4886.71,0.0,64.74,-64.74
4898.74,0.0,64.92,-64.92
4910.77,0.0,65.09,-65.09
4922.79,0.0,65.27,-65.27
4934.81,0.0,65.45,-65.45
4946.82,0.0,65.63,-65.63
4958.82,0.0,65.8,-65.8
4970.83,0.0,65.98,-65.98
4982.84,0.0,66.16,-66.16
4994.84,0.0,66.33,-66.33
5006.86,0.0,66.51,-66.51
5018.88,0.0,66.69,-66.69
5030.92,0.0,66.87,-66.87
5042.96,0.0,67.05,-67.05
5054.98,0.0,67.22,-67.22
5067.01,0.0,67.4,-67.4
5079.05,0.0,67.58,-67.58
5091.05,0.0,67.75,-67.75
5103.06,0.0,67.93,-67.93
5115.08,0.0,68.11,-68.11
5127.08,0.0,68.29,-68.29
5139.1,0.0,68.46,-68.46
5151.1,0.0,68.64,-68.64
5163.1,0.0,68.82,-68.82
5175.11,0.0,69.0,-69.0
5187.14,0.0,69.17,-69.17
5199.14,0.0,69.35,-69.35
5211.18,0.0,69.53,-69.53
5223.21,0.0,69.71,-69.71
5235.21,0.0,69.88,-69.88
5247.21,0.0,70.06,-70.06
5259.22,0.0,70.24,-70.24
5271.25,0.0,70.41,-70.41
5283.27,0.0,70.59,-70.59
5295.29,0.0,70.77,-70.77
5307.3,0.0,70.95,-70.95
5319.31,0.0,71.12,-71.12
5331.35,0.0,71.3,-71.3
5343.38,0.0,71.48,-71.48
5355.41,0.0,71.66,-71.66
5367.45,0.0,71.83,-71.83
5379.45,0.0,72.01,-72.01
5391.47,0.0,72.19,-72.19
5403.48,0.0,72.37,-72.37
5415.52,0.0,72.54,-72.54
5427.52,0.0,72.72,-72.72
5439.56,0.0,72.9,-72.9
5451.58,0.0,73.08,-73.08
5463.59,0.0,73.25,-73.25
5475.59,0.0,73.43,-73.43
5487.62,0.0,73.61,-73.61
5499.62,0.0,73.78,-73.78
5511.64,0.0,73.96,-73.96
5523.64,0.0,74.14,-74.14
5535.65,0.0,74.32,-74.32
5547.68,0.0,74.49,-74.49
5559.7,0.0,74.67,-74.67
5571.73,0.0,74.85,-74.85
5583.74,0.0,75.03,-75.03
5595.77,0.0,75.2,-75.2
5607.8,0.0,75.38,-75.38
5619.82,0.0,75.56,-75.56
5631.84,0.0,75.74,-75.74
5643.86,0.0,75.91,-75.91
5655.88,0.0,76.09,-76.09
5667.9,0.0,76.27,-76.27
5679.92,0.0,76.45,-76.45
5691.92,0.0,76.62,-76.62
5703.94,0.0,76.8,-76.8
5715.95,0.0,76.98,-76.98
5727.98,0.0,77.15,-77.15
5739.99,0.0,77.33,-77.33
5752.0,0.0,77.51,-77.51
5764.03,0.0,77.69,-77.69
5776.04,0.0,77.86,-77.86
5788.05,0.0,78.04,-78.04
5800.08,0.0,78.22,-78.22
5812.11,0.0,78.4,-78.4
5824.12,0.0,78.57,-78.57
5836.15,0.0,78.75,-78.75
5848.17,0.0,78.93,-78.93
5860.19,0.0,79.11,-79.11
5872.21,0.0,79.28,-79.28
5884.23,0.0,79.46,-79.46
5896.25,0.0,79.64,-79.64
5908.27,0.0,79.82,-79.82
5920.28,0.0,79.99,-79.99
5932.32,0.0,80.17,-80.17
5944.32,0.0,80.35,-80.35
5956.34,0.0,80.52,-80.52
5968.36,0.0,80.7,-80.7
5980.38,0.0,80.88,-80.88
5992.4,0.0,81.06,-81.06
6004.42,0.0,81.23,-81.23
6016.44,0.0,81.41,-81.41
6028.47,0.0,81.59,-81.59
6040.48,0.0,81.77,-81.77
6052.48,0.0,81.94,-81.94
6064.49,0.0,82.12,-82.12
6076.51,0.0,82.3,-82.3
6088.52,0.0,82.48,-82.48
6100.54,0.0,82.65,-82.65
6112.57,0.0,82.83,-82.83
6124.6,0.0,83.01,-83.01
6136.62,0.0,83.19,-83.19
6148.65,0.0,83.36,-83.36
6160.67,0.0,83.54,-83.54
6172.69,0.0,83.72,-83.72
6184.7,0.0,83.89,-83.89
6196.72,0.0,84.07,-84.07
6208.72,0.0,84.25,-84.25
6220.76,0.0,84.43,-84.43
6232.76,0.0,84.6,-84.6
6244.77,0.0,84.78,-84.78
6256.79,0.0,84.96,-84.96
6268.81,0.0,85.14,-85.14
6280.83,0.0,85.31,-85.31
6292.84,0.0,85.49,-85.49
6304.86,0.0,85.67,-85.67
6316.89,0.0,85.85,-85.85
6328.92,0.0,86.02,-86.02
6340.92,0.0,86.2,-86.2
6352.96,0.0,86.38,-86.38
6364.98,0.0,86.56,-86.56
6377.0,0.0,86.73,-86.73
6389.01,0.0,86.91,-86.91
6401.03,0.0,87.09,-87.09
6413.05,0.0,87.26,-87.26
6425.06,0.0,87.44,-87.44
6437.08,0.0,87.62,-87.62
6449.11,0.0,87.8,-87.8
6461.14,0.0,87.97,-87.97
6473.15,0.0,88.15,-88.15
6485.18,0.0,88.33,-88.33
6497.19,0.0,88.51,-88.51
6509.22,0.0,88.68,-88.68
6521.22,0.0,88.86,-88.86
6533.25,0.0,89.04,-89.04
6545.26,0.0,89.22,-89.22
6557.29,0.0,89.39,-89.39
6569.3,0.0,89.57,-89.57
6581.33,0.0,89.75,-89.75
6593.36,0.0,89.93,-89.93
6605.37,0.0,90.1,-90.1
6617.38,0.0,90.28,-90.28
6629.41,0.0,90.46,-90.46
6641.42,0.0,90.64,-90.64
6653.44,0.0,90.81,-90.81
6665.45,0.0,90.99,-90.99
6677.48,0.0,91.17,-91.17
6689.48,0.0,91.34,-91.34
6701.49,0.0,91.52,-91.52
6713.51,0.0,91.7,-91.7
6725.52,0.0,91.88,-91.88
6737.54,0.0,92.05,-92.05
6749.55,0.0,92.23,-92.23
6761.58,0.0,92.41,-92.41
6773.6,0.0,92.59,-92.59
6785.62,0.0,92.76,-92.76
6797.65,0.0,92.94,-92.94
6809.68,0.0,93.12,-93.12
6821.71,0.0,93.3,-93.3
6833.74,0.0,93.47,-93.47
6845.77,0.0,93.65,-93.65
6857.78,0.0,93.83,-93.83
6869.79,0.0,94.01,-94.01
6881.81,0.0,94.18,-94.18
6893.82,0.0,94.36,-94.36
6905.85,0.0,94.54,-94.54
6917.87,0.0,94.72,-94.72
6929.89,0.0,94.89,-94.89
6941.9,0.0,95.07,-95.07
6953.91,0.0,95.25,-95.25
6965.94,0.0,95.42,-95.42
6977.97,0.0,95.6,-95.6
6989.99,0.0,95.78,-95.78
7002.01,0.0,95.96,-95.96
7014.02,0.0,96.13,-96.13
7026.04,0.0,96.31,-96.31
7038.07,0.0,96.49,-96.49
7050.1,0.0,96.67,-96.67
7062.12,0.0,96.84,-96.84
7074.14,0.0,97.02,-97.02
7086.15,0.0,97.2,-97.2
7098.18,0.0,97.38,-97.38
7110.21,0.0,97.55,-97.55
7122.23,0.0,97.73,-97.73
7134.25,0.0,97.91,-97.91
7146.27,0.0,98.09,-98.09
7158.28,0.0,98.26,-98.26
7170.3,0.0,98.44,-98.44
7182.32,0.0,98.62,-98.62
7194.34,0.0,98.8,-98.8
7206.36,0.0,98.97,-98.97
7218.38,0.0,99.15,-99.15
7230.4,0.0,99.33,-99.33
7242.42,0.0,99.5,-99.5
7254.43,0.0,99.68,-99.68
7266.43,0.0,99.86,-99.86
7278.44,0.0,100.04,-100.04
7290.47,0.0,100.21,-100.21
7302.48,0.0,100.39,-100.39
7314.5,0.0,100.57,-100.57
7326.52,0.0,100.75,-100.75
7338.52,0.0,100.92,-100.92
7350.52,0.0,101.1,-101.1
7362.54,0.0,101.28,-101.28
7374.56,0.0,101.45,-101.45
7386.59,0.0,101.63,-101.63
7398.6,0.0,101.81,-101.81
7410.62,0.0,101.99,-101.99
7422.64,0.0,102.16,-102.16
7434.66,0.0,102.34,-102.34
7446.68,0.0,102.52,-102.52
7458.7,0.0,102.7,-102.7
7470.71,0.0,102.87,-102.87
7482.72,0.0,103.05,-103.05
7494.74,0.0,103.23,-103.23
7506.77,0.0,103.41,-103.41
7518.81,0.0,103.58,-103.58
7530.84,0.0,103.76,-103.76
7542.86,0.0,103.94,-103.94
7554.87,0.0,104.12,-104.12
7566.88,0.0,104.29,-104.29
7578.9,0.0,104.47,-104.47
7590.91,0.0,104.65,-104.65
7602.91,0.0,104.82,-104.82
7614.92,0.0,105.0,-105.0
7626.95,0.0,105.18,-105.18
7638.97,0.0,105.36,-105.36
7650.98,0.0,105.53,-105.53
7663.0,0.0,105.71,-105.71
7675.02,0.0,105.89,-105.89
7687.03,0.0,106.07,-106.07
7699.04,0.0,106.24,-106.24
7711.06,0.0,106.42,-106.42
7723.09,0.0,106.6,-106.6
7735.12,0.0,106.78,-106.78
7747.14,0.0,106.95,-106.95
7759.17,0.0,107.13,-107.13
7771.19,0.0,107.31,-107.31
7783.2,0.0,107.49,-107.49
7795.22,0.0,107.66,-107.66
7807.23,0.0,107.84,-107.84
7819.25,0.0,108.02,-108.02
7831.26,0.0,108.19,-108.19
7843.3,0.0,108.37,-108.37
7855.3,0.0,108.55,-108.55
7867.34,0.0,108.73,-108.73
7879.36,0.0,108.9,-108.9
7891.37,0.0,109.08,-109.08
7903.41,1637.83,109.26,-109.26
7915.44,0.0,109.44,-109.44
7927.44,1642.13,109.61,-109.61
7939.46,3279.96,109.79,-109.79
7951.47,3283.08,109.97,-109.97
7963.51,3275.54,110.15,-110.15
7975.53,3278.79,110.32,-110.32
7987.55,4921.3,110.5,-110.5
7999.58,3275.54,110.68,-110.68
8011.59,6568.25,110.86,-110.86
8023.6,4924.82,111.03,-111.03
8035.61,6561.73,111.21,-111.21
8047.64,6555.49,111.39,-111.39
8059.66,6559.65,111.57,-111.57
8071.68,8199.57,111.74,-111.74
8083.71,8191.76,111.92,-111.92
8095.72,8210.64,112.1,-112.1
8107.73,8202.17,112.28,-112.28
8119.74,8204.78,112.45,-112.45
8131.76,9846.51,112.63,-112.63
8143.78,9833.23,112.81,-112.81
8155.81,9832.45,112.98,-112.98
8167.83,9839.49,113.16,-113.16
8179.86,11475.74,113.34,-113.34
8191.89,9830.13,113.52,-113.52
8203.9,11487.58,113.69,-113.69
8215.9,11494.91,113.87,-113.87
8227.92,11478.48,114.05,-114.05
8239.92,13141.18,114.23,-114.23
8251.95,11473.02,114.4,-114.4
8263.98,13105.81,114.58,-114.58
8275.99,13137.01,114.76,-114.76
8288.01,13114.12,114.94,-114.94
8300.02,13137.01,115.11,-115.11
8312.05,13106.83,115.29,-115.29
8324.05,13141.18,115.47,-115.47
8336.08,14749.88,115.64,-115.64
8348.1,13119.29,115.82,-115.82
8360.12,14754.52,116.0,-116.0
8372.15,14749.88,116.18,-116.18
8384.16,14774.44,116.35,-116.35
8396.16,14773.27,116.53,-116.53
8408.2,16383.56,116.71,-116.71
8420.23,14744.04,116.89,-116.89
8432.25,16395.22,117.06,-117.06
8444.27,14762.72,117.24,-117.24
8456.3,16388.72,117.42,-117.42
8468.31,16409.54,117.6,-117.6
8480.32,16410.88,117.77,-117.77
8492.33,16416.09,117.95,-117.95
8504.34,16409.54,118.13,-118.13
8516.36,16405.63,118.31,-118.31
8528.39,18020.45,118.48,-118.48
8540.41,16393.92,118.66,-118.66
8552.42,16409.58,118.84,-118.84
8564.45,18029.02,119.02,-119.02
8576.46,18056.23,119.19,-119.19
8588.49,18021.88,119.37,-119.37
8600.49,16426.53,119.55,-119.55
8612.51,18044.72,119.72,-119.72
8624.53,18039.11,119.9,-119.9
8636.54,19699.23,120.08,-120.08
8648.56,18033.31,120.26,-120.26
8660.57,18056.31,120.43,-120.43
8672.6,18027.59,120.61,-120.61
8684.6,19711.75,120.79,-120.79
8696.62,18040.55,120.97,-120.97
8708.64,19677.27,121.14,-121.14
8720.67,18014.82,121.32,-121.32
8732.68,19699.23,121.5,-121.5
8744.68,19711.83,121.68,-121.68
8756.7,19686.8,121.85,-121.85
8768.7,19711.75,122.03,-122.03
8780.73,19658.72,122.21,-122.21
8792.74,19686.8,122.38,-122.38
8804.76,19685.16,122.56,-122.56
8816.77,19692.98,122.74,-122.74
8828.77,19711.83,122.92,-122.92
8840.8,19671.19,123.09,-123.09
8852.82,19667.99,123.27,-123.27
8864.85,21303.66,123.45,-123.45
8876.86,19692.98,123.63,-123.63
8888.88,21324.02,123.8,-123.8
8900.9,19686.72,123.98,-123.98
8912.9,21340.96,124.16,-124.16
8924.92,19685.16,124.34,-124.34
8936.93,21340.88,124.51,-124.51
8948.94,21325.72,124.69,-124.69
8960.98,21298.51,124.87,-124.87
8973.01,19652.56,125.04,-125.04
8985.02,21340.8,125.22,-125.22
8997.04,21318.79,125.4,-125.4
9009.08,21290.23,125.58,-125.58
9021.08,21340.8,125.75,-125.75
9033.1,21332.49,125.93,-125.93
9045.12,21307.11,126.11,-126.11
9057.16,21296.82,126.29,-126.29
9069.17,21334.18,126.46,-126.46
9081.19,21317.1,126.64,-126.64
9093.19,22997.06,126.82,-126.82
9105.22,21298.67,127.0,-127.0
9117.24,21325.56,127.17,-127.17
9129.25,21334.18,127.35,-127.35
9141.28,22935.09,127.53,-127.53
9153.32,21291.76,127.71,-127.71
9165.34,22942.52,127.88,-127.88
9177.38,21298.51,128.06,-128.06
9189.41,22936.91,128.24,-128.24
9201.41,21354.53,128.42,-128.42
9213.44,22935.09,128.59,-128.59
9225.47,21303.74,128.77,-128.77
9237.51,22913.3,128.95,-128.95
9249.54,22953.28,129.13,-129.13
9261.54,21339.26,129.3,-129.3
9273.57,22944.18,129.48,-129.48
9285.57,22997.06,129.66,-129.66
9297.58,22975.31,129.83,-129.83
9309.59,22987.92,130.01,-130.01
9321.59,21347.58,130.19,-130.19
9333.62,22944.34,130.37,-130.37
9345.63,22980.62,130.54,-130.54
9357.63,22997.06,130.72,-130.72
9369.64,22982.61,130.9,-130.9
9381.64,22997.06,131.08,-131.08
9393.65,22968.01,131.25,-131.25
9405.68,22951.46,131.43,-131.43
9417.68,22997.06,131.61,-131.61
9429.68,22989.75,131.78,-131.78
9441.73,24534.3,131.96,-131.96
9453.75,22957.08,132.14,-132.14
9465.75,22997.22,132.32,-132.32
9477.77,22967.7,132.49,-132.49
9489.8,22935.25,132.67,-132.67
9501.8,24639.75,132.85,-132.85
9513.8,22989.75,133.03,-133.03
9525.84,22927.82,133.2,-133.2
9537.84,24632.08,133.38,-133.38
9549.86,22967.7,133.56,-133.56
9561.89,24573.51,133.74,-133.74
9573.91,22960.57,133.91,-133.91
9585.93,22958.75,134.09,-134.09
9597.96,24581.15,134.27,-134.27
9609.99,22944.34,134.45,-134.45
9621.99,24631.76,134.62,-134.62
9634.01,22966.19,134.8,-134.8
9646.04,24565.57,134.98,-134.98
9658.08,24577.09,135.16,-135.16
9670.1,22949.8,135.33,-135.33
9682.13,24573.35,135.51,-135.51
9694.16,22946.0,135.69,-135.69
9706.19,24581.15,135.87,-135.87
9718.2,24616.44,136.04,-136.04
9730.21,24614.16,136.22,-136.22
9742.24,22936.91,136.4,-136.4
9754.24,24639.91,136.57,-136.57
9766.26,24606.35,136.75,-136.75
9778.28,24608.62,136.93,-136.93
9790.29,22966.03,137.11,-137.11
9802.3,24621.98,137.28,-137.28
9814.3,24632.08,137.46,-137.46
9826.31,24624.26,137.64,-137.64
9838.33,24608.3,137.82,-137.82
9850.35,24588.79,137.99,-137.99
9862.38,24590.74,138.17,-138.17
9874.39,24606.67,138.35,-138.35
9886.42,24575.46,138.52,-138.52
9898.44,24616.12,138.7,-138.7
9910.44,24639.91,138.88,-138.88
9922.46,24598.54,139.06,-139.06
9934.46,24621.98,139.23,-139.23
9946.48,24608.62,139.41,-139.41
9958.48,24639.91,139.59,-139.59
9970.49,24616.12,139.77,-139.77
9982.52,24589.1,139.94,-139.94
9994.55,24573.51,140.12,-140.12
10006.58,24584.89,140.3,-140.3
10018.6,24580.99,140.48,-140.48
10030.62,24616.44,140.65,-140.65
10042.66,26186.4,140.83,-140.83
10054.69,24573.51,141.01,-141.01
10066.7,24631.76,141.19,-141.19
10078.7,24639.91,141.36,-141.36
10090.73,24567.67,141.54,-141.54
10102.76,26211.3,141.72,-141.72
10114.77,24632.08,141.89,-141.89
10126.78,24616.44,142.07,-142.07
10138.82,26186.4,142.25,-142.25
10150.82,24639.91,142.43,-142.43
10162.86,24565.72,142.6,-142.6
10174.86,26273.78,142.78,-142.78
10186.88,24598.86,142.96,-142.96
10198.9,24606.35,143.14,-143.14
10210.91,26265.75,143.31,-143.31
10222.91,24632.08,143.49,-143.49
10234.91,26282.13,143.67,-143.67
10246.94,24591.05,143.85,-143.85
10258.96,24581.31,144.02,-144.02
10270.97,26265.43,144.2,-144.2
10283.0,24593.0,144.38,-144.38
10295.0,26282.44,144.55,-144.55
10307.02,24588.79,144.73,-144.73
10319.03,26257.41,144.91,-144.91
10331.06,24581.31,145.09,-145.09
10343.09,26213.38,145.26,-145.26
10355.1,26255.32,145.44,-145.44
10367.13,24590.74,145.62,-145.62
10379.14,26265.75,145.8,-145.8
10391.15,24616.44,145.97,-145.97
10403.18,26203.31,146.15,-146.15
10415.19,26274.09,146.33,-146.33
10427.2,24616.12,146.51,-146.51
10439.2,26274.09,146.68,-146.68
10451.2,24639.91,146.86,-146.86
10463.2,26282.44,147.04,-147.04
10475.21,26263.34,147.21,-147.21
10487.22,24631.76,147.39,-147.39
10499.23,26246.99,147.57,-147.57
10511.25,26238.66,147.75,-147.75
10523.29,26205.71,147.92,-147.92
10535.29,24629.81,148.1,-148.1
10547.31,26248.75,148.28,-148.28
10559.31,26274.09,148.46,-148.46
10571.34,26219.93,148.63,-148.63
10583.37,26224.09,148.81,-148.81
10595.4,24573.51,148.99,-148.99
10607.4,26282.44,149.17,-149.17
10619.42,26246.67,149.34,-149.34
10631.43,26255.32,149.52,-149.52
10643.44,26265.75,149.7,-149.7
10655.47,26213.7,149.87,-149.87
10667.49,26230.65,150.05,-150.05
10679.54,26177.79,150.23,-150.23
10691.56,26238.66,150.41,-150.41
10703.59,26219.93,150.58,-150.58
10715.6,24608.62,150.76,-150.76
10727.6,26282.44,150.94,-150.94
10739.61,26273.78,151.12,-151.12
10751.62,26265.75,151.29,-151.29
10763.62,26265.75,151.47,-151.47
10775.64,26244.9,151.65,-151.65
10787.67,26214.01,151.83,-151.83
10799.68,26255.32,152.0,-152.0
10811.69,27906.92,152.18,-152.18
10823.74,26178.42,152.36,-152.36
10835.77,26213.7,152.54,-152.54
10847.8,26219.93,152.71,-152.71
10859.81,26265.75,152.89,-152.89
10871.82,26265.43,153.07,-153.07
10883.82,26274.09,153.24,-153.24
10895.82,26274.09,153.42,-153.42
10907.83,26265.75,153.6,-153.6
10919.86,27858.88,153.78,-153.78
10931.88,26227.62,153.95,-153.95
10943.92,26197.4,154.13,-154.13
10955.94,26255.32,154.31,-154.31
10967.97,27843.42,154.49,-154.49
10980.0,26230.33,154.66,-154.66
10992.0,26272.01,154.84,-154.84
11004.01,26256.77,155.02,-155.02
11016.03,27878.77,155.2,-155.2
11028.05,26238.66,155.37,-155.37
11040.08,26211.62,155.55,-155.55
11052.12,27854.46,155.73,-155.73
11064.15,26210.99,155.91,-155.91
11076.16,26257.41,156.08,-156.08
11088.18,27876.56,156.26,-156.26
11100.2,26240.74,156.44,-156.44
11112.2,26274.09,156.62,-156.62
11124.22,27878.13,156.79,-156.79
11136.25,26230.33,156.97,-156.97
11148.27,27869.92,157.15,-157.15
11160.27,26282.44,157.32,-157.32
11172.28,26274.09,157.5,-157.5
11184.3,27875.92,157.68,-157.68
11196.31,26257.41,157.86,-157.86
11208.34,27850.05,158.03,-158.03
11220.36,26232.41,158.21,-158.21
11232.4,27850.05,158.39,-158.39
11244.42,26219.3,158.57,-158.57
11256.45,27872.14,158.74,-158.74
11268.46,26246.99,158.92,-158.92
11280.49,27861.08,159.1,-159.1
11292.5,26255.32,159.28,-159.28
11304.53,27869.92,159.45,-159.45
11316.54,26254.68,159.63,-159.63
11328.54,27916.42,159.81,-159.81
11340.58,27842.79,159.99,-159.99
11352.6,26230.33,160.16,-160.16
11364.63,27867.72,160.34,-160.34
11376.65,26231.78,160.52,-160.52
11388.67,27887.62,160.7,-160.7
11400.7,27852.25,160.87,-160.87
11412.72,26236.57,161.05,-161.05
11424.73,27898.69,161.23,-161.23
11436.76,27869.29,161.4,-161.4
11448.79,26213.7,161.58,-161.58
11460.81,27878.77,161.76,-161.76
11472.82,27886.99,161.94,-161.94
11484.86,26214.33,162.11,-162.11
11496.88,27858.24,162.29,-162.29
11508.92,27849.41,162.47,-162.47
11520.95,27845.63,162.65,-162.65
11532.95,26282.44,162.82,-162.82
11544.97,27885.41,163.0,-163.0
11556.98,27889.2,163.18,-163.18
11569.02,27841.22,163.36,-163.36
11581.04,26230.33,163.53,-163.53
11593.07,27869.92,163.71,-163.71
11605.07,27915.79,163.89,-163.89
11617.07,27924.66,164.07,-164.07
11629.08,27896.48,164.24,-164.24
11641.12,26213.7,164.42,-164.42
11653.13,27896.48,164.6,-164.6
11665.16,27863.3,164.78,-164.78
11677.16,27902.49,164.95,-164.95
11689.2,27853.83,165.13,-165.13
11701.2,27925.3,165.31,-165.31
11713.22,27867.72,165.48,-165.48
11725.27,27814.77,165.66,-165.66
11737.3,27840.58,165.84,-165.84
11749.31,26265.75,166.02,-166.02
11761.33,27878.77,166.19,-166.19
11773.36,27860.45,166.37,-166.37
11785.38,27887.62,166.55,-166.55
11797.41,27842.79,166.73,-166.73
11809.42,27914.2,166.9,-166.9
11821.42,27916.42,167.08,-167.08
11833.46,27840.58,167.26,-167.26
11845.46,27925.3,167.44,-167.44
11857.48,27871.5,167.61,-167.61
11869.48,27925.3,167.79,-167.79
11881.51,27858.88,167.97,-167.97
11893.54,27842.79,168.15,-168.15
11905.57,27861.08,168.32,-168.32
11917.6,27849.41,168.5,-168.5
11929.64,27843.42,168.68,-168.68
11941.64,27916.42,168.86,-168.86
11953.67,27867.72,169.03,-169.03
11965.69,27880.35,169.21,-169.21
11977.71,29515.91,169.39,-169.39
11989.74,27854.46,169.57,-169.57
12001.76,27875.92,169.74,-169.74
12013.78,27880.98,169.92,-169.92
12025.78,27925.3,170.1,-170.1
12037.78,27915.79,170.27,-170.27
12049.82,27850.05,170.45,-170.45
12061.82,27925.3,170.63,-170.63
12073.82,27915.79,170.81,-170.81
12085.82,29558.75,170.98,-170.98
12097.84,27895.84,171.16,-171.16
12109.84,27907.55,171.34,-171.34
12121.84,27924.66,171.52,-171.52
12133.87,27858.88,171.69,-171.69
12145.87,29568.15,171.87,-171.87
12157.91,27845.0,172.05,-172.05
12169.92,27904.7,172.22,-172.22
12181.92,27925.3,172.4,-172.4
12193.92,27905.34,172.58,-172.58
12205.94,29539.34,172.76,-172.76
12217.95,27889.2,172.93,-172.93
12229.99,27841.22,173.11,-173.11
12242.0,27896.48,173.29,-173.29
12254.0,29558.12,173.47,-173.47
12266.01,27907.55,173.64,-173.64
12278.05,27840.58,173.82,-173.82
12290.1,29432.48,174.0,-174.0
12302.11,27906.92,174.18,-174.18
12314.12,27916.42,174.35,-174.35
12326.14,29497.82,174.53,-174.53
12338.18,27831.13,174.71,-174.71
12350.19,27907.55,174.89,-174.89
12362.24,29441.8,175.06,-175.06
12374.24,27924.66,175.24,-175.24
12386.28,27850.05,175.42,-175.42
12398.29,29528.25,175.6,-175.6
12410.31,27880.35,175.77,-175.77
12422.35,29478.49,175.95,-175.95
12434.37,27867.08,176.13,-176.13
12446.41,27844.06,176.31,-176.31
12458.42,29546.38,176.48,-176.48
12470.42,27915.79,176.66,-176.66
12482.43,29539.98,176.84,-176.84
12494.44,27915.79,177.01,-177.01
12506.46,27869.92,177.19,-177.19
12518.49,29500.16,177.37,-177.37
12530.49,27924.66,177.55,-177.55
12542.49,29558.12,177.72,-177.72
12554.52,27849.41,177.9,-177.9
12566.54,29518.88,178.08,-178.08
12578.57,27869.92,178.26,-178.26
12590.58,29537.63,178.43,-178.43
12602.61,27862.66,178.61,-178.61
12614.63,29506.54,178.79,-178.79
12626.64,27915.79,178.97,-178.97
12638.67,29478.49,179.14,-179.14
12650.7,29502.5,179.32,-179.32
12662.74,27840.58,179.5,-179.5
12674.76,29518.25,179.68,-179.68
12686.78,27879.41,179.85,-179.85
12698.79,29537.0,180.03,-180.03
12710.84,29451.12,180.21,-180.21
12722.86,27860.45,180.39,-180.39
12734.88,29537.0,180.56,-180.56
12746.89,29530.6,180.74,-180.74
12758.91,27875.92,180.92,-180.92
12770.92,29539.34,181.09,-181.09
12782.94,29539.98,181.27,-181.27
12794.97,27840.58,181.45,-181.45
12806.98,29539.34,181.63,-181.63
12818.98,29568.15,181.8,-181.8
12831.01,27867.72,181.98,-181.98
12843.05,29470.85,182.16,-182.16
12855.06,29537.0,182.34,-182.34
12867.08,27890.47,182.51,-182.51
12879.08,29546.38,182.69,-182.69
12891.09,29548.09,182.87,-182.87
12903.1,29558.75,183.05,-183.05
12915.13,27841.22,183.22,-183.22
12927.16,29488.47,183.4,-183.4
12939.18,29529.96,183.58,-183.58
12951.19,29538.71,183.75,-183.75
12963.23,29479.12,183.93,-183.93
12975.26,27841.22,184.11,-184.11
12987.28,29530.6,184.29,-184.29
12999.3,29518.25,184.46,-184.46
13011.31,29536.36,184.64,-184.64
13023.34,29499.53,184.82,-184.82
13035.34,29558.75,185.0,-185.0
13047.37,27870.56,185.17,-185.17
13059.38,29546.38,185.35,-185.35
13071.4,29510.59,185.53,-185.53
13083.4,29567.51,185.71,-185.71
13095.42,29525.91,185.88,-185.88
13107.43,29529.96,186.06,-186.06
13119.43,29568.15,186.24,-186.24
13131.43,29567.51,186.41,-186.41
13143.44,27906.92,186.59,-186.59
13155.47,29488.47,186.77,-186.77
13167.48,29539.34,186.95,-186.95
13179.5,29537.63,187.12,-187.12
13191.52,29520.59,187.3,-187.3
13203.54,29497.19,187.48,-187.48
13215.55,29558.75,187.66,-187.66
13227.55,29567.51,187.83,-187.83
13239.56,29539.34,188.01,-188.01
13251.57,29548.73,188.19,-188.19
13263.59,29506.54,188.37,-188.37
13275.61,29520.59,188.54,-188.54
13287.62,29538.27,188.72,-188.72
13299.64,29527.62,188.9,-188.9
13311.66,29520.59,189.07,-189.07
13323.66,29555.77,189.25,-189.25
13335.69,29499.53,189.43,-189.43
13347.7,29537.0,189.61,-189.61
13359.74,29490.17,189.78,-189.78
13371.75,29527.62,189.96,-189.96
13383.77,29521.86,190.14,-190.14
13395.79,29525.28,190.32,-190.32
13407.81,31160.84,190.49,-190.49
13419.86,29450.49,190.67,-190.67
13431.88,29497.19,190.85,-190.85
13443.91,29511.23,191.03,-191.03
13455.91,29567.51,191.2,-191.2
13467.92,29538.27,191.38,-191.38
13479.92,29567.51,191.56,-191.56
13491.95,29487.83,191.74,-191.74
13503.95,29567.51,191.91,-191.91
13515.96,29540.61,192.09,-192.09
13527.98,31159.57,192.27,-192.27
13540.01,29498.45,192.44,-192.44
13552.01,29567.51,192.62,-192.62
13564.03,29529.96,192.8,-192.8
13576.03,29566.24,192.98,-192.98
13588.03,29568.78,193.15,-193.15
13600.03,29567.51,193.33,-193.33
13612.05,31148.48,193.51,-193.51
13624.08,29498.45,193.69,-193.69
13636.11,29488.9,193.86,-193.86
13648.12,29546.38,194.04,-194.04
13660.12,29568.78,194.22,-194.22
13672.15,31141.07,194.39,-194.39
13684.18,29487.83,194.57,-194.57
13696.19,29539.34,194.75,-194.75
13708.2,29558.12,194.93,-194.93
13720.2,29546.38,195.1,-195.1
13732.22,31179.42,195.28,-195.28
13744.25,29488.9,195.46,-195.46
13756.25,29558.12,195.64,-195.64
13768.26,29548.73,195.81,-195.81
13780.27,31189.33,195.99,-195.99
13792.3,29490.17,196.17,-196.17
13804.3,29558.12,196.35,-196.35
13816.32,31180.63,196.52,-196.52
13828.32,29558.12,196.7,-196.7
13840.33,29545.3,196.88,-196.88
13852.34,29529.96,197.05,-197.05
13864.36,31169.46,197.23,-197.23
13876.36,29559.39,197.41,-197.41
13888.38,29537.0,197.59,-197.59
13900.4,31158.36,197.76,-197.76
13912.4,29567.51,197.94,-197.94
13924.41,29539.34,198.12,-198.12
13936.43,29518.25,198.3,-198.3
13948.44,31190.53,198.47,-198.47
13960.46,29506.54,198.65,-198.65
13972.46,31200.45,198.83,-198.83
13984.48,29539.34,199.0,-199.0
13996.48,29567.51,199.18,-199.18
14008.5,31147.28,199.36,-199.36
14020.53,29501.86,199.54,-199.54
14032.53,29558.12,199.71,-199.71
14044.54,31197.97,199.89,-199.89
14056.54,29558.12,200.07,-200.07
14068.59,31077.0,200.25,-200.25
14080.6,29537.0,200.42,-200.42
14092.62,29527.62,200.6,-200.6
14104.65,31138.6,200.78,-200.78
14116.68,29480.83,200.96,-200.96
14128.7,31157.16,201.13,-201.13
14140.74,29479.56,201.31,-201.31
14152.79,31095.49,201.49,-201.49
14164.81,29511.23,201.67,-201.67
14176.83,31158.36,201.84,-201.84
14188.83,29567.51,202.02,-202.02
14200.87,29469.15,202.2,-202.2
14212.9,31128.73,202.38,-202.38
14224.91,29548.73,202.55,-202.55
14236.93,31146.01,202.73,-202.73
14248.95,29529.96,202.91,-202.91
14260.95,31197.97,203.08,-203.08
14272.98,29503.13,203.26,-203.26
14284.98,31209.09,203.44,-203.44
14296.98,29568.78,203.62,-203.62
14309.0,31154.62,203.79,-203.79
14321.02,29511.23,203.97,-203.97
14333.04,31157.16,204.15,-204.15
14345.05,29558.12,204.33,-204.33
14357.08,31138.6,204.5,-204.5
14369.08,29558.12,204.68,-204.68
14381.08,31200.45,204.86,-204.86
14393.09,29548.73,205.03,-205.03
14405.11,31158.36,205.21,-205.21
14417.15,29478.49,205.39,-205.39
14429.19,31109.0,205.57,-205.57
14441.24,31084.38,205.74,-205.74
14453.28,29471.48,205.92,-205.92
14465.29,31176.95,206.1,-206.1
14477.32,29491.24,206.28,-206.28
14489.35,31127.53,206.46,-206.46
14501.38,31134.86,206.63,-206.63
14513.41,29491.44,206.81,-206.81
14525.42,31189.26,206.99,-206.99
14537.45,29499.53,207.16,-207.16
14549.47,31159.63,207.34,-207.34
14561.48,31178.15,207.52,-207.52
14573.51,29490.17,207.7,-207.7
14585.52,31190.53,207.87,-207.87
14597.54,31155.89,208.05,-208.05
14609.56,29511.23,208.23,-208.23
14621.59,31136.13,208.41,-208.41
14633.61,29520.59,208.58,-208.58
14645.64,31146.01,208.76,-208.76
14657.64,31200.45,208.94,-208.94
14669.66,29519.52,209.12,-209.12
14681.68,31166.99,209.29,-209.29
14693.68,31190.53,209.47,-209.47
14705.72,29490.17,209.65,-209.65
14717.72,31201.72,209.83,-209.83
14729.74,31166.99,210.0,-210.0
14741.75,29538.27,210.18,-210.18
14753.78,31127.46,210.36,-210.36
14765.78,31211.64,210.53,-210.53
14777.81,31127.46,210.71,-210.71
14789.83,29526.55,210.89,-210.89
14801.84,31189.26,211.07,-211.07
14813.88,31107.8,211.24,-211.24
14825.92,29471.48,211.42,-211.42
14837.92,31200.45,211.6,-211.6
14849.92,31210.36,211.78,-211.78
14861.94,31158.36,211.95,-211.95
14873.96,29518.25,212.13,-212.13
14885.97,31180.63,212.31,-212.31
14897.99,31168.25,212.49,-212.49
14910.01,31148.48,212.66,-212.66
14922.03,29518.25,212.84,-212.84
14934.04,31197.97,213.02,-213.02
14946.06,31160.84,213.2,-213.2
14958.1,31086.84,213.37,-213.37
14970.12,29537.0,213.55,-213.55
14982.13,31178.15,213.73,-213.73
14994.14,31190.53,213.9,-213.9
15006.14,31200.45,214.08,-214.08
15018.18,29480.83,214.26,-214.26
15030.18,31200.45,214.44,-214.44
15042.19,31188.06,214.61,-214.61
15054.2,31190.53,214.79,-214.79
15066.2,31189.33,214.97,-214.97
15078.23,31139.8,215.15,-215.15
15090.25,29526.55,215.32,-215.32
15102.26,31179.36,215.5,-215.5
15114.26,31201.72,215.68,-215.68
15126.3,31124.99,215.86,-215.86
15138.3,31190.53,216.03,-216.03
15150.32,29529.96,216.21,-216.21
15162.34,31159.63,216.39,-216.39
15174.34,31199.17,216.56,-216.56
15186.36,31178.15,216.74,-216.74
15198.36,31191.8,216.92,-216.92
15210.36,31209.09,217.1,-217.1
15222.4,31107.8,217.27,-217.27
15234.44,31107.73,217.45,-217.45
15246.46,29526.55,217.63,-217.63
15258.48,31149.68,217.81,-217.81
15270.51,31137.4,217.98,-217.98
15282.54,31124.99,218.16,-218.16
15294.55,31200.45,218.34,-218.34
15306.55,31201.72,218.52,-218.52
15318.56,31199.17,218.69,-218.69
15330.56,31201.72,218.87,-218.87
15342.56,31199.17,219.05,-219.05
15354.59,31138.6,219.22,-219.22
15366.61,29518.25,219.4,-219.4
15378.61,31211.64,219.58,-219.58
15390.65,31109.0,219.76,-219.76
15402.66,31199.17,219.93,-219.93
15414.66,31199.24,220.11,-220.11
15426.67,31176.88,220.29,-220.29
15438.67,31211.64,220.47,-220.47
15450.68,31200.45,220.64,-220.64
15462.68,31199.17,220.82,-220.82
15474.72,31107.8,221.0,-221.0
15486.72,31199.17,221.17,-221.17
15498.73,31191.8,221.35,-221.35
15510.74,31200.45,221.53,-221.53
15522.74,31209.09,221.71,-221.71
15534.74,31199.24,221.88,-221.88
15546.75,31179.36,222.06,-222.06
15558.76,31180.63,222.24,-222.24
15570.78,31181.9,222.41,-222.41
15582.8,31144.74,222.59,-222.59
15594.81,31191.8,222.77,-222.77
15606.84,31115.13,222.95,-222.95
15618.84,31210.36,223.12,-223.12
15630.86,31172.0,223.3,-223.3
15642.87,31186.79,223.48,-223.48
15654.9,31139.87,223.66,-223.66
15666.91,31166.99,223.83,-223.83
15678.94,31150.95,224.01,-224.01
15690.95,31176.95,224.19,-224.19
15702.98,31139.8,224.37,-224.37
15715.0,31157.16,224.54,-224.54
15727.01,31179.36,224.72,-224.72
15739.04,31138.6,224.9,-224.9
15751.04,31201.72,225.08,-225.08
15763.06,31166.99,225.25,-225.25
15775.09,32767.28,225.43,-225.43
15787.11,31159.63,225.61,-225.61
15799.11,31197.9,225.78,-225.78
15811.11,31211.64,225.96,-225.96
15823.12,31188.06,226.14,-226.14
15835.15,31129.92,226.32,-226.32
15847.16,31176.95,226.49,-226.49
15859.16,31210.36,226.67,-226.67
15871.2,31132.46,226.85,-226.85
15883.21,31174.41,227.03,-227.03
15895.22,31180.63,227.2,-227.2
15907.27,32723.19,227.38,-227.38
15919.27,31211.64,227.56,-227.56
15931.28,31187.99,227.74,-227.74
15943.31,31127.53,227.91,-227.91
15955.32,31180.63,228.09,-228.09
15967.33,31176.88,228.27,-228.27
15979.35,31162.1,228.44,-228.44
15991.4,32733.55,228.62,-228.62
16003.43,31116.4,228.8,-228.8
16015.45,31166.99,228.98,-228.98
16027.46,31188.06,229.15,-229.15
16039.47,31174.47,229.33,-229.33
16051.5,32782.87,229.51,-229.51
16063.5,31191.74,229.69,-229.69
16075.53,31148.48,229.86,-229.86
16087.54,31169.52,230.04,-230.04
16099.55,31196.7,230.22,-230.22
16111.59,31109.0,230.4,-230.4
16123.59,32840.16,230.57,-230.57
16135.62,31148.48,230.75,-230.75
16147.63,31169.52,230.93,-230.93
16159.66,31147.21,231.11,-231.11
16171.67,32814.1,231.28,-231.28
16183.68,31197.97,231.46,-231.46
16195.7,31159.63,231.64,-231.64
16207.72,31157.09,231.81,-231.81
16219.73,31183.1,231.99,-231.99
16231.75,32782.87,232.17,-232.17
16243.76,31193.01,232.35,-232.35
16255.79,31132.39,232.52,-232.52
16267.82,31144.81,232.7,-232.7
16279.82,32840.16,232.88,-232.88
16291.83,31188.06,233.06,-233.06
16303.84,31191.74,233.23,-233.23
16315.87,32751.71,233.41,-233.41
16327.9,31139.87,233.59,-233.59
16339.92,31158.36,233.77,-233.77
16351.96,31117.59,233.94,-233.94
16363.97,32819.31,234.12,-234.12
16376.0,31128.73,234.3,-234.3
16388.03,31149.75,234.48,-234.48
16400.07,32736.14,234.65,-234.65
16412.07,31196.7,234.83,-234.83
16424.1,31133.66,235.01,-235.01
16436.14,32746.51,235.19,-235.19
16448.16,31173.2,235.36,-235.36
16460.16,31206.61,235.54,-235.54
16472.21,32720.6,235.72,-235.72
16484.21,31194.28,235.9,-235.9
16496.24,31138.6,236.07,-236.07
16508.28,32741.33,236.25,-236.25
16520.31,31147.21,236.43,-236.43
16532.34,31118.86,236.61,-236.61
16544.36,32793.27,236.78,-236.78
16556.4,31115.2,236.96,-236.96
16568.4,32850.6,237.14,-237.14
16580.44,31112.66,237.32,-237.32
16592.48,31109.0,237.49,-237.49
16604.49,32834.95,237.67,-237.67
16616.49,31189.33,237.85,-237.85
16628.53,32738.79,238.03,-238.03
16640.56,31138.6,238.2,-238.2
16652.6,31115.2,238.38,-238.38
16664.62,32793.27,238.56,-238.56
16676.63,31197.97,238.73,-238.73
16688.67,32724.51,238.91,-238.91
16700.7,31143.54,239.09,-239.09
16712.72,31154.69,239.27,-239.27
16724.74,32807.62,239.44,-239.44
16736.77,31122.52,239.62,-239.62
16748.79,32788.07,239.8,-239.8
16760.82,31154.69,239.98,-239.98
16772.84,32798.48,240.15,-240.15
16784.87,31133.66,240.33,-240.33
16796.92,32705.06,240.51,-240.51
16808.93,31181.83,240.69,-240.69
16820.95,32803.68,240.86,-240.86
16832.97,31158.36,241.04,-241.04
16844.99,31149.75,241.22,-241.22
16857.02,32788.07,241.4,-241.4
16869.05,31127.46,241.57,-241.57
16881.07,32798.48,241.75,-241.75
16893.1,31123.79,241.93,-241.93
16905.13,32777.67,242.11,-242.11
16917.17,32746.51,242.28,-242.28
16929.2,31138.6,242.46,-242.46
16941.25,32699.89,242.64,-242.64
16953.26,31186.79,242.82,-242.82
16965.29,32788.07,242.99,-242.99
16977.29,31194.28,243.17,-243.17
16989.31,32808.89,243.35,-243.35
17001.34,31126.19,243.53,-243.53
17013.38,32741.33,243.7,-243.7
17025.39,31204.2,243.88,-243.88
17037.39,32850.6,244.06,-244.06
17049.4,31183.1,244.24,-244.24
17061.41,32808.89,244.41,-244.41
17073.41,32850.6,244.59,-244.59
17085.45,31117.59,244.77,-244.77
17097.46,32829.73,244.95,-244.95
17109.47,31168.25,245.12,-245.12
17121.49,32803.68,245.3,-245.3
17133.54,32730.96,245.48,-245.48
17145.55,31189.33,245.66,-245.66
17157.58,32743.98,245.83,-245.83
17169.64,32710.24,246.01,-246.01
17181.66,31138.6,246.19,-246.19
17193.68,32808.89,246.37,-246.37
17205.7,32808.89,246.54,-246.54
17217.73,31130.0,246.72,-246.72
17229.76,32777.67,246.9,-246.9
17241.79,32762.09,247.08,-247.08
17253.83,31121.26,247.25,-247.25
17265.85,32793.27,247.43,-247.43
17277.89,32725.78,247.61,-247.61
17289.93,31125.06,247.79,-247.79
17301.96,32767.28,247.96,-247.96
17313.96,32845.38,248.14,-248.14
17325.98,31166.99,248.32,-248.32
17338.01,32750.44,248.5,-248.5
17350.05,32756.89,248.67,-248.67
17362.08,32767.28,248.85,-248.85
17374.11,31125.06,249.03,-249.03
17386.14,32781.6,249.21,-249.21
17398.14,32851.87,249.38,-249.38
17410.19,32729.69,249.56,-249.56
17422.19,31191.74,249.74,-249.74
17434.2,32841.43,249.92,-249.92
17446.23,32755.63,250.09,-250.09
17458.24,32846.66,250.27,-250.27
17470.27,31112.66,250.45,-250.45
17482.28,32831.0,250.62,-250.62
17494.31,32781.6,250.8,-250.8
17506.31,32851.87,250.98,-250.98
17518.35,32740.06,251.16,-251.16
17530.39,32747.78,251.33,-251.33
17542.41,31166.99,251.51,-251.51
17554.41,32844.11,251.69,-251.69
17566.42,32820.58,251.87,-251.87
17578.46,32750.44,252.04,-252.04
17590.47,32833.68,252.22,-252.22
17602.47,32841.43,252.4,-252.4
17614.51,32740.06,252.58,-252.58
17626.51,32846.66,252.75,-252.75
17638.52,32838.89,252.93,-252.93
17650.55,32763.36,253.11,-253.11
17662.56,32828.46,253.29,-253.29
17674.6,32742.6,253.46,-253.46
17686.62,32807.62,253.64,-253.64
17698.63,32815.37,253.82,-253.82
17710.64,34470.14,253.99,-253.99
17722.68,32750.44,254.17,-254.17
17734.71,32784.14,254.35,-254.35
17746.71,32838.89,254.53,-254.53
17758.75,34382.76,254.7,-254.7
17770.78,32763.36,254.88,-254.88
17782.81,32786.8,255.06,-255.0
17794.86,34344.67,255.24,-255.0
17806.87,32836.22,255.41,-255.0
17818.87,32838.89,255.59,-255.0
17830.89,34456.26,255.77,-255.0
17842.91,32797.21,255.95,-255.0
17854.91,34481.09,256.12,-255.0
17866.91,32846.66,256.3,-255.0
17878.93,34442.79,256.48,-255.0
17890.95,32802.41,256.66,-255.0
17902.98,34418.01,256.83,-255.0
17914.98,32838.89,257.01,-255.0
17927.0,34442.79,257.19,-255.0
17939.05,34358.08,257.37,-255.0
17951.08,32768.55,257.54,-255.0
17963.09,34453.72,257.72,-255.0
17975.1,32844.11,257.9,-255.0
17987.13,34393.66,258.08,-255.0
17999.16,34428.93,258.25,-255.0
18011.17,32818.04,258.43,-255.0
18023.19,34426.39,258.61,-255.0
18035.19,34492.05,258.78,-255.0
18047.23,32768.55,258.96,-255.0
18059.24,34456.26,259.14,-255.0
18071.25,32828.46,259.32,-255.0
18083.29,34390.75,259.49,-255.0
18095.31,34437.32,259.67,-255.0
18107.31,32844.11,259.85,-255.0
18119.33,34426.39,260.03,-255.0
18131.35,34450.79,260.2,-255.0
18143.37,32797.21,260.38,-255.0
18155.39,34437.32,260.56,-255.0
18167.41,34439.86,260.74,-255.0
18179.43,32797.21,260.91,-255.0
18191.45,34450.79,261.09,-255.0
18203.5,34350.11,261.27,-255.0
18215.52,32794.54,261.45,-255.0
18227.54,34442.79,261.62,-255.0
18239.56,34426.39,261.8,-255.0
18251.58,32807.62,261.98,-255.0
18263.58,34489.12,262.16,-255.0
18275.6,34431.86,262.33,-255.0
18287.63,32776.4,262.51,-255.0
18299.64,34478.16,262.69,-255.0
18311.64,34492.05,262.86,-255.0
18323.66,32789.34,263.04,-255.0
18335.67,34459.19,263.22,-255.0
18347.7,34426.39,263.4,-255.0
18359.71,32810.16,263.57,-255.0
18371.74,34431.86,263.75,-255.0
18383.75,34459.19,263.93,-255.0
18395.77,32792.0,264.11,-255.0
18407.79,34456.26,264.28,-255.0
18419.81,34439.86,264.46,-255.0
18431.82,32807.62,264.64,-255.0
18443.84,34453.72,264.82,-255.0
18455.86,34431.86,264.99,-255.0
18467.86,32841.43,265.17,-255.0
18479.88,34442.79,265.35,-255.0
18491.9,34448.25,265.52,-255.0
18503.9,32846.66,265.7,-255.0
18515.91,34472.68,265.88,-255.0
18527.93,34420.94,266.06,-255.0
18539.97,32755.63,266.23,-255.0
18551.99,34434.39,266.41,-255.0
18564.02,34420.94,266.59,-255.0
18576.02,32849.33,266.77,-255.0
18588.05,34410.02,266.94,-255.0
18600.07,34450.79,267.12,-255.0
18612.1,34401.65,267.3,-255.0
18624.13,32763.47,267.48,-255.0
18636.15,34445.33,267.65,-255.0
18648.18,34410.02,267.83,-255.0
18660.21,32758.16,268.01,-255.0
18672.23,34437.32,268.19,-255.0
18684.26,34420.94,268.36,-255.0
18696.27,32836.22,268.54,-255.0
18708.3,34393.66,268.72,-255.0
18720.32,34437.32,268.9,-255.0
18732.33,34489.12,269.07,-255.0
18744.37,32742.6,269.25,-255.0
18756.38,34459.19,269.43,-255.0
18768.4,34426.39,269.61,-255.0
18780.41,32844.11,269.78,-255.0
18792.44,34401.65,269.96,-255.0
18804.46,34437.32,270.14,-255.0
18816.47,32833.68,270.31,-255.0
18828.47,34492.05,270.49,-255.0
18840.47,34478.16,270.67,-255.0
18852.48,32841.43,270.85,-255.0
18864.5,34442.79,271.02,-255.0
18876.52,34420.94,271.2,-255.0
18888.56,34393.66,271.38,-255.0
18900.57,32831.0,271.56,-255.0
18912.58,34464.66,271.73,-255.0
18924.58,34470.14,271.91,-255.0
18936.62,32763.36,272.09,-255.0
18948.64,34445.33,272.27,-255.0
18960.64,34492.05,272.44,-255.0
18972.68,32740.06,272.62,-255.0
18984.69,34467.2,272.8,-255.0
18996.7,34470.14,272.97,-255.0
19008.72,32786.8,273.15,-255.0
19020.75,34420.94,273.33,-255.0
19032.75,34494.59,273.51,-255.0
19044.75,32844.11,273.68,-255.0
19056.79,34390.75,273.86,-255.0
19068.82,34404.56,274.04,-255.0
19080.82,32851.87,274.22,-255.0
19092.86,34388.21,274.39,-255.0
19104.88,34442.79,274.57,-255.0
19116.91,34393.66,274.75,-255.0
19128.93,32815.37,274.93,-255.0
19140.95,34442.79,275.1,-255.0
19152.97,34418.01,275.28,-255.0
19164.99,32797.21,275.46,-255.0
19177.01,34442.79,275.64,-255.0
19189.03,34445.33,275.81,-255.0
19201.04,32828.46,275.99,-255.0
19213.05,34475.62,276.17,-255.0
19225.06,34450.79,276.34,-255.0
19237.1,32750.44,276.52,-255.0
19249.11,34475.62,276.7,-255.0
19261.13,34418.01,276.88,-255.0
19273.13,32849.33,277.05,-255.0
19285.17,34396.2,277.23,-255.0
19297.19,34437.32,277.41,-255.0
19309.19,34481.09,277.59,-255.0
19321.22,32778.94,277.76,-255.0
19333.25,34431.86,277.94,-255.0
19345.26,34453.72,278.12,-255.0
19357.27,32818.04,278.3,-255.0
19369.3,34412.55,278.47,-255.0
19381.33,34407.1,278.65,-255.0
19393.35,32812.83,278.83,-255.0
19405.37,34437.32,279.01,-255.0
19417.4,34399.11,279.18,-255.0
19429.42,34434.39,279.36,-255.0
19441.43,32828.46,279.54,-255.0
19453.46,34415.48,279.72,-255.0
19465.49,34399.11,279.89,-255.0
19477.51,32794.54,280.07,-255.0
19489.54,34428.93,280.25,-255.0
19501.57,34404.56,280.43,-255.0
19513.58,32825.79,280.6,-255.0
19525.58,34481.09,280.78,-255.0
19537.61,34410.02,280.96,-255.0
19549.62,34486.57,281.13,-255.0
19561.63,32810.16,281.31,-255.0
19573.66,34415.48,281.49,-255.0
19585.69,34407.1,281.67,-255.0
19597.7,32828.46,281.84,-255.0
19609.73,34404.56,282.02,-255.0
19621.75,34434.39,282.2,-255.0
19633.76,32833.68,282.38,-255.0
19645.79,34426.39,282.55,-255.0
19657.82,34404.56,282.73,-255.0
19669.83,34478.16,282.91,-255.0
19681.84,32812.83,283.09,-255.0
19693.86,34439.86,283.26,-255.0
19705.89,34399.11,283.44,-255.0
19717.91,32820.58,283.62,-255.0
19729.94,34399.11,283.8,-255.0
19741.97,34415.48,283.97,-255.0
19753.97,32836.22,284.15,-255.0
19765.99,34448.25,284.33,-255.0
19778.02,34410.02,284.51,-255.0
19790.05,34407.1,284.68,-255.0
19802.07,32812.83,284.86,-255.0
19814.09,34412.55,285.04,-255.0
19826.11,34459.19,285.21,-255.0
19838.13,32781.6,285.39,-255.0
19850.15,34459.19,285.57,-255.0
19862.18,34401.65,285.75,-255.0
19874.19,34448.25,285.92,-255.0
19886.21,32812.83,286.1,-255.0
19898.23,34439.86,286.28,-255.0
19910.26,34399.11,286.46,-255.0
19922.27,32825.79,286.63,-255.0
19934.31,34393.66,286.81,-255.0
19946.31,34481.09,286.99,-255.0
19958.34,34420.94,287.17,-255.0
19970.35,32815.37,287.34,-255.0
19982.39,34393.66,287.52,-255.0
19994.42,34401.65,287.7,-255.0
20006.43,32818.04,287.88,-255.0
