time_in_ms,raw_offset,offset,raw_offset_vel,offset_vel,raw_rot,rot,raw_rot_vel,rot_vel,P_trace,pwm_model,pwm_real
2106.3,-13.03,-37.04,352.09,90.45,-78.85,-68.59,-1583.46,-1414.7,7700.0,35.38,-136.4
2118.33,-13.03,-33.44,299.49,111.35,-98.56,-88.07,-1619.87,-1527.55,7700.0,54.59,-146.78
2130.33,-9.57,-29.86,298.4,130.06,-98.56,-94.89,-568.26,-999.94,7700.0,56.45,-147.78
2142.34,-4.72,-26.09,313.99,148.45,-78.85,-84.46,868.26,27.57,7700.0,43.25,-140.65
2154.35,-9.57,-23.61,206.38,154.24,-59.14,-68,1370.91,766.41,7700.0,28.35,-132.61
2166.37,-13.03,-22.02,132.02,152.02,-39.42,-49.43,1544.79,1194.52,7700.0,15.34,-125.58
2178.41,-0.57,-18.81,267.34,163.55,-19.71,-30.11,1604.63,1420.08,7700.0,12.6,-124.1
2190.43,16.04,-13.58,434.8,190.68,19.71,2.27,2694.32,2120.91,7700.0,3.93,0.00
2202.43,20.19,-8.52,421.96,213.8,59.14,39.23,3079.03,2647.88,7700.0,-4.14,0.00
2214.45,3.58,-6.7,150.98,207.52,98.56,77.8,3209.18,2956.59,7700.0,-21.83,129.09
2226.46,-1.26,-5.89,67.89,193.56,118.27,104.11,2190.25,2535.11,7700.0,-24.95,130.77
2238.5,-8.88,-6.33,-37.28,170.47,137.98,126.13,1829.58,2147.07,7700.0,-31.93,134.54
2250.52,-9.57,-6.82,-40.34,149.39,137.98,133.83,640.79,1318.61,7700.0,-25.2,130.91
2262.52,-0.57,-5.88,78.08,142.26,137.98,136.53,224.8,717.01,7700.0,-15.24,125.53
2274.53,-5.42,-5.81,5.82,128.62,118.27,124.66,-988.73,-221.14,7700.0,2.67,0.00
2286.56,-5.42,-5.75,4.93,116.25,118.27,120.51,-345.13,-289.34,7700.0,1.27,0.00
2298.6,-5.42,-5.7,4.19,105.04,118.27,119.05,-120.84,-196.66,7700.0,-3.79,0.00
2310.62,-4.72,-5.56,12.2,95.76,118.27,118.55,-42.34,-111.78,7700.0,-8.23,121.74
2322.63,-4.72,-5.43,10.38,87.22,118.27,118.37,-14.83,-58.46,7700.0,-11.91,123.73
2334.64,-9.57,-6.05,-51.68,73.33,118.27,118.31,-5.19,-29.16,7700.0,-17.79,126.91
2346.66,-8.88,-6.48,-35.24,62.47,98.56,105.47,-1067.42,-600.2,7700.0,-6.6,120.86
2358.68,-4.72,-6.21,21.85,58.41,78.85,88.17,-1439.69,-1061.92,7700.0,6.8,-120.97
2370.71,-5.42,-6.09,9.93,53.56,59.14,69.3,-1568.8,-1340.7,7700.0,16.57,-126.25
2382.73,7.04,-4.12,163.83,64.59,59.14,62.69,-549.25,-905.41,7700.0,15.79,-125.83
2394.76,-17.87,-6.19,-171.41,40.99,59.14,60.38,-192.12,-513.1,7700.0,-1.56,0.00
2406.76,-13.03,-7.21,-85.53,28.34,59.14,59.57,-67.42,-267.97,7700.0,-11.6,123.56
2418.79,7.73,-4.97,186.42,44.15,59.14,59.29,-23.55,-133.54,7700.0,-6.36,120.74
2430.8,-9.57,-5.66,-57.4,33.99,59.14,59.19,-8.25,-64.63,7700.0,-11.87,123.71
2442.81,-17.87,-7.49,-152.55,15.34,39.42,46.34,-1069.91,-617.53,7700.0,-5.26,120.14
2454.83,-13.03,-8.32,-69.09,6.9,19.71,29.03,-1440.06,-1069.92,7700.0,5.23,-120.12
2466.87,-4.72,-7.78,44.84,10.69,19.71,22.97,-503.34,-758.3,7700.0,2.7,0.00
2478.89,11.88,-4.83,245.34,34.15,19.71,20.85,-176.34,-438.23,7700.0,8.12,-121.69
2490.9,11.88,-2.33,208.88,51.63,39.42,32.92,1005.54,355.84,7700.0,-2.68,0.00
2502.91,11.88,-0.19,177.38,64.2,39.42,37.15,351.6,353.51,7700.0,2.74,0.00
2514.94,8.42,1.1,107.51,68.53,59.14,51.44,1188.58,812.8,7700.0,-7.79,121.51
2526.96,-0.57,0.85,-20.84,59.6,59.14,56.44,415.86,594.48,7700.0,-8.16,121.71
2538.98,-8.88,-0.61,-121.43,41.49,39.42,45.38,-920.92,-238.99,7700.0,4.14,0.00
2551.,-15.8,-2.89,-189.5,18.39,39.42,41.51,-322.1,-284.7,7700.0,-4.07,0.00
2563.04,-21.33,-5.66,-229.78,-6.42,39.42,40.15,-112.55,-190.02,7700.0,-16.98,126.47
2575.04,-21.33,-8.01,-195.96,-25.38,39.42,39.68,-39.52,-107.25,7700.0,-27.5,132.15
2587.07,-17.87,-9.49,-122.99,-35.14,19.71,26.7,-1078.68,-641.54,7700.0,-17.88,126.95
2599.1,-21.33,-11.26,-147.63,-46.39,19.71,22.16,-377.42,-496.27,7700.0,-25.21,130.91
2611.12,-17.18,-12.15,-73.84,-49.13,19.71,20.57,-132.27,-296.07,7700.0,-30.68,133.87
2623.13,-8.88,-11.66,40.9,-40.13,0,7.2,-1113.34,-745.57,7700.0,-14.13,124.93
2635.16,-4.72,-10.62,86.49,-27.47,-19.71,-10.29,-1454.27,-1135.36,7700.0,4.31,0.00
2647.17,-8.88,-10.36,21.77,-22.54,-39.42,-29.23,-1576.84,-1378.17,7700.0,16.77,-126.36
2659.18,-8.88,-10.14,18.5,-18.44,-39.42,-35.86,-551.54,-923.53,7700.0,11.28,-123.39
2671.22,-9.57,-10.05,7.07,-15.89,-39.42,-38.17,-192.71,-521.58,7700.0,4.88,0.00
2683.25,-9.57,-9.98,6.01,-13.7,-19.71,-26.17,997.41,313.87,7700.0,-14.62,125.2
2695.27,-9.57,-9.92,5.12,-11.82,-19.71,-21.97,349.44,333.43,7700.0,-15.58,125.71
2707.28,-13.03,-10.38,-38.87,-14.52,-39.42,-33.32,-944.61,-369.49,7700.0,0.44,0.00
2719.3,-13.03,-10.78,-32.99,-16.37,-59.14,-50.1,-1395.75,-933.93,7700.0,15.69,-125.77
2731.32,-8.88,-10.5,23.77,-12.36,-59.14,-55.97,-488.85,-689.14,7700.0,14.22,-124.98
2743.35,-8.88,-10.25,20.17,-9.1,-59.14,-58.03,-170.87,-404.09,7700.0,10.49,-122.97
2755.37,-8.88,-10.05,17.17,-6.48,-39.42,-45.94,1006.42,371.69,7700.0,-7.54,121.37
2767.38,-13.72,-10.6,-45.89,-10.42,-39.42,-41.7,352.37,361.06,7700.0,-10.55,123
2779.38,-13.72,-11.07,-39.04,-13.28,-39.42,-40.22,123.45,230.38,7700.0,-9.87,122.63
2791.42,-17.18,-11.98,-76.18,-19.57,-39.42,-39.7,43.06,127.35,7700.0,-11.11,123.3
2803.45,-13.72,-12.24,-21.66,-19.78,-59.14,-52.33,-1049.8,-520.08,7700.0,5.25,-120.13
2815.46,-8.88,-11.74,42.06,-13.6,-59.14,-56.76,-368.16,-436.53,7700.0,7.54,-121.37
2827.49,-4.72,-10.69,87.44,-3.49,-39.42,-45.49,936.3,318.53,7700.0,-6.38,120.74
2839.52,-1.26,-9.27,117.5,8.61,-39.42,-41.55,327.81,323.63,7700.0,-2.02,0.00
2851.54,-1.26,-8.07,99.97,17.74,-19.71,-27.35,1181.15,795.27,7700.0,-11.29,123.4
2863.54,-4.72,-7.57,41.84,20.15,-19.71,-22.39,413.95,585.54,7700.0,-7.2,121.19
2875.56,-4.72,-7.14,35.48,21.69,-39.42,-33.46,-920.7,-242.89,7700.0,13.69,-124.7
2887.59,3.58,-5.54,133.72,32.89,-39.42,-37.34,-322.25,-286.54,7700.0,21.31,-128.81
2899.63,3.58,-4.17,113.58,40.96,-19.71,-25.88,951.8,394.55,7700.0,8.51,-121.9
2911.66,3.58,-3.01,96.61,46.52,-19.71,-21.87,333.36,360.9,7700.0,11.18,-123.34
2923.69,3.58,-2.02,82.09,50.08,19.71,5.16,2246.41,1397.93,7700.0,-15.34,125.58
2935.72,-0.57,-1.8,18.01,46.87,39.42,27.43,1850.54,1646.87,7700.0,-27.81,132.32
2947.75,-1.26,-1.72,6.69,42.86,39.42,35.23,648.11,1097.55,7700.0,-20.39,128.31
2959.76,-1.26,-1.65,5.69,39.14,39.42,37.95,227.14,618.83,7700.0,-12.78,124.2
2971.77,-0.57,-1.49,13.48,36.57,19.71,26.1,-987.48,-264.64,7700.0,7.79,-121.51
2983.78,-0.57,-1.35,11.46,34.06,19.71,21.95,-345.51,-309.12,7700.0,9.26,-122.3
2995.81,2.89,-0.72,52.88,35.94,39.42,33.31,944.48,380.36,7700.0,-6.58,120.85
3007.81,2.89,-0.18,45.05,36.85,59.14,50.1,1399.06,940.64,7700.0,-21.89,129.12
3019.83,-4.03,-0.75,-48.14,28.35,59.14,55.97,489.03,692.26,7700.0,-22.16,129.27
3031.86,-0.57,-0.73,2.27,25.75,59.14,58.03,170.93,405.53,7700.0,-17.87,126.95
3043.88,-4.72,-1.33,-49.87,18.18,19.71,33.12,-2071.34,-956.75,7700.0,13.65,-124.67
3055.91,-13.03,-3.08,-145.93,1.77,19.71,24.41,-724.73,-829.14,7700.0,6.24,-120.67
3067.91,-17.87,-5.3,-184.88,-16.89,19.71,21.35,-254.24,-512.95,7700.0,-7.92,121.58
3079.92,-13.03,-6.46,-96.54,-24.86,39.42,33.1,978.1,307.13,7700.0,-31.83,134.49
3091.94,-8.88,-6.82,-30.15,-25.39,39.42,37.21,341.88,326.24,7700.0,-34.05,135.69
3103.95,-13.72,-7.86,-86.2,-31.47,19.71,25.84,-947.51,-374.32,7700.0,-19.84,128.01
3115.95,-13.72,-8.74,-73.27,-35.65,0,9.04,-1399.02,-937.9,7700.0,-5.94,120.51
3127.95,-8.88,-8.76,-1.75,-32.26,-19.71,-9.65,-1557.53,-1278.7,7700.0,7.58,-121.39
3139.97,-0.57,-7.53,102.18,-18.81,-39.42,-29,-1610.72,-1461.31,7700.0,22.91,-129.67
3151.98,-1.26,-6.59,78.21,-9.11,-19.71,-22.96,502.56,-381.18,7700.0,3.79,0.00
3164.01,-0.57,-5.69,75.07,-0.69,-19.71,-20.85,175.78,-74.85,7700.0,0.87,0.00
3176.01,-4.72,-5.54,12.04,0.58,-19.71,-20.11,61.64,0.22,7700.0,-0.27,0.00
3188.02,-9.57,-6.15,-50.29,-4.51,-39.42,-32.66,-1045.46,-574.9,7700.0,12.62,-124.11
3200.02,-8.88,-6.56,-34.12,-7.47,-39.42,-37.06,-366.15,-460.09,7700.0,10.18,-122.8
3212.02,-5.42,-6.39,14.24,-5.3,-39.42,-38.6,-128.07,-277.48,7700.0,7.91,-121.57
3224.05,-4.72,-6.14,20.72,-2.7,-39.42,-39.13,-44.76,-149.49,7700.0,6.66,-120.9
3236.08,-5.42,-6.03,8.97,-1.53,-19.71,-26.51,1049.23,509.81,7700.0,-9.8,122.59
3248.1,-4.72,-5.83,16.27,0.25,0,-9.28,1434.02,1018.13,7700.0,-24.32,130.43
3260.11,-4.72,-5.67,13.84,1.61,0,-3.25,502.08,734.3,7700.0,-19.81,128
3272.14,-4.72,-5.53,11.74,2.62,0,-1.14,175.43,426.92,7700.0,-13.8,124.75
3284.14,-4.72,-5.41,10.01,3.36,-19.71,-13.21,-1006.16,-361.27,7700.0,5.97,-120.53
3296.15,-5.42,-5.41,-0.14,3.01,-19.71,-17.44,-351.92,-356.13,7700.0,7.02,-121.09
3308.18,-8.88,-5.93,-43.24,-1.61,0,-6.1,941.66,357.66,7700.0,-12.79,124.21
3320.18,-22.02,-8.34,-201.21,-21.57,0,-2.14,330.56,342.76,7700.0,-23.09,129.77
3332.2,-17.87,-9.77,-118.93,-31.31,0,-0.75,115.5,217.77,7700.0,-25.9,131.28
3344.21,-21.33,-11.51,-144.42,-42.62,-19.71,-13.07,-1026.56,-466.61,7700.0,-14.27,125.01
3356.24,-22.02,-13.08,-131.18,-51.48,-39.42,-30.2,-1423.91,-993.13,7700.0,-3.37,0.00
3368.25,-21.33,-14.32,-103.05,-56.63,-59.14,-49.01,-1566.27,-1308.35,7700.0,5.42,-120.23
3380.26,-22.02,-15.48,-96.17,-60.59,-59.14,-55.59,-547.81,-890.06,7700.0,-3.62,0.00
3392.3,-21.33,-16.36,-72.98,-61.83,-59.14,-57.9,-191.42,-505.81,7700.0,-12.05,123.81
3404.32,-17.87,-16.58,-18.93,-57.54,-59.14,-58.7,-67.06,-264.5,7700.0,-15.49,125.66
3416.35,-4.72,-14.8,147.88,-37,-59.14,-58.98,-23.46,-131.93,7700.0,-9.2,122.27
3428.36,3.58,-12.05,229.71,-10.33,-78.85,-71.9,-1075.59,-650.94,7700.0,17.09,-126.53
3440.36,3.58,-9.7,195.19,10.23,-98.56,-89.23,-1443.36,-1086.77,7700.0,40.53,-139.18
3452.4,-5.42,-9.06,53.43,14.55,-98.56,-95.29,-504.16,-766.34,7700.0,38.12,-137.88
3464.42,-5.42,-8.51,45.46,17.64,-78.85,-84.6,889.31,144.27,7700.0,18.36,-127.21
3476.43,17.42,-4.62,323.84,48.26,-59.14,-68.05,1378.16,822.91,7700.0,14.47,-125.12
3488.46,20.19,-0.9,309.41,74.37,-19.71,-36.63,2612.2,1807.02,7700.0,-1.66,0.00
3500.47,31.95,4.03,410.24,107.96,0,-12.82,1982.11,1903.32,7700.0,6.12,-120.6
3512.49,36.8,8.94,408.94,138.06,19.71,8.33,1759.26,1824.09,7700.0,17.04,-126.5
3524.5,49.25,14.99,503.37,174.59,59.14,41.35,2749.47,2333.05,7700.0,16.08,-125.99
3536.5,40.95,18.88,324.49,189.58,98.56,78.54,3098.72,2754.17,7700.0,6.01,-120.54
3548.53,65.86,25.93,585.65,229.19,137.98,117.18,3211.45,3005.67,7700.0,10.7,-123.08
3560.54,57.56,30.67,395.07,245.78,197.12,169.14,4327.33,3732.58,7700.0,-8.4,121.84
3572.57,82.47,38.44,645.94,285.79,256.26,225.76,4707.87,4268.99,7700.0,-13.82,124.76
3584.6,69.32,43.07,384.8,295.69,275.97,258.4,2711.09,3412.14,7700.0,2.21,0
3596.63,86.62,49.6,543.24,320.45,315.39,295.44,3081.07,3230.05,7700.0,10.55,-123
3608.63,86.62,55.16,462.53,334.66,335.1,321.22,2147.56,2634.68,7700.0,25.91,-131.29
3620.64,98.38,61.64,539.77,355.17,374.53,355.87,2884.41,2772.03,7700.0,27.12,-131.95
3632.68,111.53,69.12,621.77,381.83,433.66,406.44,4201.21,3558.08,7700.0,13.79,-124.74
3644.68,115.68,76.11,581.79,401.82,492.8,462.57,4676.49,4173.2,7700.0,-0.59,0.00
3656.72,119.84,82.67,544.77,416.12,551.93,520.66,4824.45,4531.39,7700.0,-12.78,124.2
3668.75,119.84,88.24,463.51,420.86,591.36,566.61,3820.65,4140.48,7700.0,-10.67,123.06
3680.78,148.9,97.34,756.19,454.39,630.78,608.32,3466.58,3769.83,7700.0,5.94,-120.51
3692.8,132.29,102.58,436.45,452.6,650.49,635.73,2282.04,2951.54,7700.0,19.63,-127.9
3704.82,140.6,108.29,474.35,454.77,689.92,670.95,2930.05,2939.72,7700.0,16.69,-126.31
3716.85,144.75,113.75,454.41,454.74,729.34,708.91,3153.21,3057.14,7700.0,9.34,-122.34
3728.87,153.05,119.65,490.4,458.3,788.48,760.63,4303.01,3742.37,7700.0,-11.81,123.68
3740.91,165.51,126.53,571.33,469.6,847.61,817.17,4696.12,4266.93,7700.0,-27.48,132.14
3752.94,177.96,134.24,641.65,486.81,867.33,849.77,2711.38,3411.38,7700.0,-5.45,120.24
3764.95,177.96,140.8,545.77,492.7,887.04,873.99,2015.92,2643.88,7700.0,12.25,-123.92
3776.96,177.96,146.38,464.22,489.86,906.75,895.28,1773.08,2164.94,7700.0,21.03,-128.65
3788.97,185.58,152.26,489.67,489.84,946.17,928.36,2754.62,2489.26,7700.0,11.49,-123.51
3801.,185.58,157.25,415.39,482.39,985.6,965.56,3091.96,2820.75,7700.0,-2.91,0.00
3813.04,186.27,161.61,361.59,470.31,1025.02,1004.21,3210.94,3035.35,7700.0,-17.69,126.85
3825.07,186.27,165.3,307.45,454.03,1064.44,1043.36,3253.96,3155.59,7700.0,-32.89,135.06
3837.1,186.27,168.45,261.33,434.76,1064.44,1057.07,1138.89,2046.4,7700.0,-17.49,126.75
3849.1,186.27,171.12,222.65,413.55,1084.16,1074.67,1466.9,1727.68,7700.0,-20.27,128.25
3861.12,186.27,173.39,189.13,391.1,1084.16,1080.84,513.08,1059.65,7700.0,-13.51,124.6
3873.14,186.27,175.32,160.65,368.06,1084.16,1083,179.46,575.54,7700.0,-9.82,122.6
3885.16,186.27,176.97,136.51,344.9,1064.44,1070.94,-1002.82,-292.55,7700.0,5.44,-120.24
3897.2,186.27,178.36,115.92,322.01,1064.44,1066.72,-350.63,-324.5,7700.0,1.42,0.00
3909.23,186.27,179.55,98.53,299.66,1084.16,1078.05,941.83,371.98,7700.0,-21.9,129.13
3921.24,218.79,185.43,490.23,318.71,1084.16,1082.02,330.41,349.12,7700.0,-9.46,122.41
3933.24,218.79,190.44,416.83,328.53,1084.16,1083.41,115.67,220.72,7700.0,1.79,0.00
3945.26,218.79,194.69,353.94,331.07,1064.44,1071.08,-1025.83,-464.88,7700.0,25.01,-130.81
3957.27,218.79,198.31,301.07,328.07,1064.44,1066.77,-359.3,-406.81,7700.0,28.39,-132.63
3969.27,218.79,201.38,256.06,320.87,1064.44,1065.26,-125.83,-252.27,7700.0,26.97,-131.86
3981.28,207.03,202.23,70.54,295.83,1064.44,1064.73,-43.99,-137.72,7700.0,17.56,-126.79
3993.32,207.03,202.95,59.84,272.24,1084.16,1077.36,1049.19,515.08,7700.0,-6.22,120.66
4005.32,207.03,203.56,50.98,250.11,1103.87,1094.59,1435.08,1021.08,7700.0,-28.1,132.47
4017.34,189.73,201.48,-172.6,207.84,1103.87,1100.62,501.78,735.46,7700.0,-40.57,139.21
4029.36,189.73,199.72,-146.76,172.38,1103.87,1102.73,175.68,427.58,7700.0,-48.81,143.66
4041.39,189.73,198.22,-124.58,142.68,1084.16,1090.66,-1003.48,-359.5,7700.0,-41,139.44
4053.4,189.73,196.95,-106.07,117.81,1064.44,1073.62,-1418.47,-941.94,7700.0,-33.94,135.63
4065.42,189.73,195.86,-90.16,97.01,1044.73,1054.84,-1563.13,-1283.59,7700.0,-29.61,133.29
4077.43,189.73,194.94,-76.63,79.65,1025.02,1035.46,-1613.76,-1465.18,7700.0,-26.97,131.86
4089.43,189.73,194.16,-65.2,65.16,985.6,1003.05,-2700.82,-2144.78,7700.0,-9.35,122.35
4101.46,173.12,191,-262.33,32.41,965.88,978.89,-2007.74,-2069.41,7700.0,-18.11,127.08
4113.48,168.97,187.7,-275.1,1.66,926.46,944.81,-2836.17,-2491.13,7700.0,-13.46,124.57
4125.5,164.82,184.27,-285.57,-27.06,887.04,907.26,-3124.23,-2839.33,7700.0,-8.73,122.01
4137.52,152.36,179.48,-398.17,-64.17,827.9,855.68,-4291.31,-3637.92,7700.0,4.87,0.00
4149.52,140.6,173.65,-485.73,-106.33,788.48,812,-3637.45,-3637.66,7700.0,-2.77,0.00
4161.53,123.99,166.2,-620.55,-157.75,749.05,771.08,-3408.33,-3511.53,7700.0,-18.7,127.4
4173.53,119.14,159.14,-588.19,-200.8,709.63,731.14,-3328.74,-3410.99,7700.0,-31.19,134.14
4185.54,132.29,155.11,-335.4,-214.26,650.49,678.72,-4365.45,-3935.95,7700.0,-14.12,124.92
4197.54,111.53,148.58,-544.77,-247.31,611.07,634.75,-3664.32,-3786.55,7700.0,-22.47,129.43
4209.54,94.92,140.53,-670.65,-289.64,551.93,580.92,-4485.68,-4171.07,7700.0,-22.02,129.19
4221.57,103.23,134.93,-464.87,-307.16,492.8,523.64,-4758.97,-4494.42,7700.0,-10.7,123.08
4233.59,82.47,127.06,-654.72,-341.92,433.66,465.15,-4865.65,-4698.6,7700.0,-9.74,122.56
4245.61,74.86,119.23,-651.5,-372.88,374.53,406.25,-4900.81,-4809.81,7700.0,-9.23,122.28
4257.63,78.32,113.09,-510.6,-386.65,315.39,347.19,-4913.12,-4866.63,7700.0,-2.1,0.00
4269.65,61.71,105.39,-641.49,-412.13,236.54,275.27,-5985.5,-5482.01,7700.0,14.36,-125.05
4281.65,75.55,100.91,-372.87,-408.21,197.12,224.47,-4231.77,-4794.38,7700.0,11.9,-123.73
4293.69,45.79,92.64,-686.94,-436.08,137.98,168.25,-4670.84,-4726.43,7700.0,8.54,-121.91
4305.69,46.48,85.72,-576.99,-450.17,118.27,135.77,-2707.39,-3615.96,7700.0,-16.68,126.31
4317.72,48.56,80.14,-463.26,-451.48,98.56,111.58,-2009.96,-2732.66,7700.0,-34.04,135.68
4329.74,40.95,74.26,-489.3,-455.26,59.14,77.49,-2836.97,-2790.03,7700.0,-30.79,133.93
4341.74,27.8,67.29,-580.63,-467.8,19.71,39.93,-3128.73,-2976.32,7700.0,-28.09,132.47
4353.76,16.04,59.61,-639.47,-484.97,-39.42,-11.65,-4290.05,-3698.87,7700.0,-12.83,124.23
4365.78,28.49,54.94,-388.3,-475.3,-78.85,-55.33,-3634.02,-3663.2,7700.0,-2.71,0.00
4377.81,12.58,48.58,-528.3,-480.6,-137.98,-109.05,-4466.68,-4105.11,7700.0,13.06,-124.35
4389.83,-0.57,41.21,-613.66,-493.91,-157.7,-140.67,-2631.27,-3294.5,7700.0,-6.68,120.91
4401.83,-4.72,34.32,-574.19,-501.93,-177.41,-164.55,-1989.88,-2576.96,7700.0,-24.58,130.57
4413.85,7.73,30.33,-331.81,-484.92,-216.83,-198.53,-2827.18,-2714.58,7700.0,-10.68,123.07
4425.85,-13.03,23.83,-542.01,-490.63,-256.26,-236.05,-3126.61,-2941.2,7700.0,-4.39,0.00
4437.87,-21.33,17.05,-563.56,-497.92,-295.68,-274.81,-3224.38,-3096.95,7700.0,0.002,0.00
4449.89,-22.02,11.19,-487.51,-496.88,-335.1,-314,-3259.39,-3186.29,7700.0,7.05,-121.11
4461.93,-22.02,6.21,-413.84,-488.58,-354.81,-340.53,-2203.51,-2645.76,7700.0,1.11,0.00
4473.96,-22.02,1.97,-351.98,-474.92,-374.53,-362.63,-1836.53,-2200.68,7700.0,-1.61,0.00
4485.97,-33.79,-3.39,-516.75,-472.1,-394.24,-383.17,-1711.16,-1931.44,7700.0,-6.18,120.64
4498.01,-37.94,-8.57,-430.58,-467.95,-394.24,-390.37,-597.48,-1197.76,7700.0,-23.39,129.93
4510.01,-38.63,-13.08,-375.63,-458.72,-413.95,-405.7,-1277.07,-1241.38,7700.0,-20.15,128.18
4522.04,-46.24,-18.06,-413.58,-454.2,-453.37,-436.69,-2576.62,-1975.76,7700.0,-0.49,0.00
4534.05,-51.09,-23.01,-412.63,-450.05,-473.09,-460.35,-1970.29,-1972.75,7700.0,2.12,0.00
4546.06,-55.24,-27.85,-402.61,-445.3,-473.09,-468.63,-689.63,-1267.03,7700.0,-13.6,124.64
4558.07,-67,-33.72,-488.98,-449.67,-492.8,-484.34,-1307.9,-1289.51,7700.0,-16.75,126.35
4570.11,-76,-40.06,-526.78,-457.38,-512.51,-502.65,-1520.94,-1416.8,7700.0,-18.68,127.39
4582.11,-67,-44.1,-336.68,-445.31,-532.22,-521.87,-1601.3,-1518.27,7700.0,-11.63,123.58
4594.14,-79.46,-49.41,-440.93,-444.87,-571.65,-554.23,-2689.77,-2162.59,7700.0,4.91,0.00
4606.15,-87.76,-55.16,-479,-448.29,-591.36,-578.36,-2009.35,-2078.31,7700.0,2.6,0.00
4618.17,-71.16,-57.56,-199.62,-423.42,-611.07,-599.62,-1768.75,-1908.05,7700.0,10.97,-123.23
4630.18,-91.92,-62.71,-429.32,-424.01,-611.07,-607.06,-619.9,-1199.57,7700.0,-7.19,121.18
4642.19,-75.31,-64.6,-157.23,-397.33,-611.07,-609.67,-216.74,-659.01,7700.0,-10.62,123.04
4654.22,-92.61,-68.8,-349.27,-392.53,-630.78,-623.39,-1141.05,-924.13,7700.0,-4.53,0.00
4666.23,-71.16,-69.16,-29.38,-356.21,-650.49,-641.01,-1466.56,-1222.47,7700.0,18.29,-127.18
4678.26,-96.07,-73.19,-335.73,-354.16,-650.49,-647.17,-512.78,-832.14,7700.0,8.28,-121.77
4690.28,-87.76,-75.38,-181.84,-336.93,-650.49,-649.33,-179.53,-473.21,7700.0,4.88,0.00
4702.3,-75.31,-75.37,0.88,-303.15,-630.78,-637.27,1002.79,338.59,7700.0,-3.81,0.00
4714.32,-92.61,-77.95,-215.14,-294.35,-611.07,-620.24,1417.03,931.73,7700.0,-20.9,128.59
4726.34,-96.22,-81.29,-277.77,-292.69,-611.07,-614.28,495.8,691.97,7700.0,-21.26,128.78
4738.35,-87.76,-82.27,-80.83,-271.5,-611.07,-612.19,173.76,406.96,7700.0,-10.33,122.88
4750.36,-67,-79.98,190.68,-225.29,-630.78,-624.28,-1006.5,-370.45,7700.0,26.78,-131.76
4762.39,-67,-78.03,161.72,-186.59,-630.78,-628.5,-351.48,-360.01,7700.0,42.88,-140.46
4774.41,-67,-76.38,137.55,-154.17,-611.07,-617.17,942.51,356.37,7700.0,37.79,-137.7
4786.44,-62.85,-74.35,168.64,-121.89,-591.36,-600.39,1394.93,927.58,7700.0,34.35,-135.85
4798.44,-87.7,-73.35,83.11,-101.39,-551.93,-568.89,2624,1860.61,7700.0,14.18,-124.96
4810.46,-62.85,-71.78,131.05,-78.15,-512.51,-532.24,3050.14,2514.85,7700.0,-0.39,0.00
4822.49,-62.85,-70.44,111.24,-59.21,-473.09,-493.79,3195.88,2889.42,7700.0,-11.6,123.56
4834.51,-70.46,-70.44,-0.34,-53.32,-453.37,-467.52,2186.39,2502.75,7700.0,-9.81,122.6
4846.52,-91.92,-73.66,-268.27,-74.82,-433.66,-445.51,1832.8,2134.28,7700.0,-19.91,128.05
4858.55,-96.07,-77.02,-279.23,-95.26,-433.66,-437.81,639.96,1312.4,7700.0,-16.46,126.19
4870.56,-80.15,-77.49,-39.08,-89.64,-433.66,-435.11,224.44,714.02,7700.0,-3.99,0.00
4882.6,-71.16,-76.54,78.97,-72.78,-433.66,-434.17,78.4,364.43,7700.0,9.39,-122.37
4894.63,-75.31,-76.36,15.38,-63.96,-433.66,-433.84,27.45,179.09,7700.0,16.12,-126.01
4906.66,-79.46,-76.82,-38.69,-61.44,-433.66,-433.72,9.61,85.87,7700.0,18.24,-127.15
4918.69,-88.46,-78.57,-145.13,-69.81,-413.95,-420.87,1068.93,626.55,7700.0,-1.23,0.00
4930.71,-96.07,-81.19,-218.32,-84.66,-394.24,-403.56,1439.75,1073.81,7700.0,-23.34,129.9
4942.75,-96.76,-83.53,-194.02,-95.59,-394.24,-397.5,503.43,760.1,7700.0,-25.23,130.92
4954.76,-79.46,-82.92,50.81,-80.95,-413.95,-408.19,-890.37,-147.66,7700.0,1.68,0.00
4966.77,-83.61,-83.02,-8.67,-73.73,-433.66,-424.75,-1377.77,-824.22,7700.0,22.44,-129.42
4978.77,-91.92,-84.36,-111.18,-77.47,-433.66,-430.54,-482.85,-636.47,7700.0,17.63,-126.82
4990.77,-84.3,-84.35,0.65,-69.66,-413.95,-419.76,898.72,207.89,7700.0,0.009,0.00
5002.79,-75.31,-82.99,112.85,-51.41,-394.24,-403.17,1380.47,852.81,7700.0,-10.17,122.79
5014.8,-79.46,-82.46,44.09,-41.86,-374.53,-384.55,1549.49,1235.98,7700.0,-19.65,127.91
5026.84,-91.92,-83.88,-117.78,-49.45,-374.53,-378.04,541.22,853.86,7700.0,-18.13,127.09
5038.86,-80.15,-83.32,46.54,-39.85,-394.24,-388.57,-876.48,-97.82,7700.0,7.89,-121.56
5050.89,-75.31,-82.12,99.93,-25.87,-394.24,-392.25,-306.48,-212.58,7700.0,17.31,-126.65
5062.89,-88.46,-83.07,-79.21,-31.21,-374.53,-380.73,960.21,432.45,7700.0,-1.92,0.00
5074.91,-87.76,-83.77,-58.58,-33.94,-354.81,-363.89,1401.51,965.44,7700.0,-19.36,127.76
5086.94,-71.16,-81.88,157.3,-14.82,-354.81,-357.99,490.01,703.95,7700.0,-7.37,121.28
5098.96,-71.85,-80.38,125.16,-0.82,-354.81,-355.93,171.62,411.17,7700.0,4.24,0.00
5110.97,-83.61,-80.86,-40.42,-4.78,-374.53,-368.02,-1006.89,-368.77,7700.0,21.59,-128.96
5123.,-75.31,-80.03,69.28,2.62,-374.53,-372.25,-351.94,-359.51,7700.0,26.1,-131.39
5135.02,-67,-78.08,162.48,18.61,-354.81,-360.92,942.43,356.56,7700.0,15.94,-125.91
5147.04,-71.85,-77.14,77.68,24.52,-354.81,-356.95,329.84,341.86,7700.0,18.08,-127.06
5159.05,-67.7,-75.73,117.98,33.86,-335.1,-342.75,1182.65,804.29,7700.0,9.32,-122.33
5171.08,-71.16,-75.04,56.99,36.18,-295.68,-312.15,2544.58,1761.45,7700.0,-17.44,126.72
5183.1,-71.16,-74.46,48.45,37.4,-275.97,-288.63,1956.83,1868.91,7700.0,-25.56,131.1
5195.1,-59.39,-72.2,188.3,52.49,-275.97,-280.4,686.03,1218.33,7700.0,-7.39,121.29
5207.11,-62.85,-70.8,116.65,58.91,-275.97,-277.52,239.79,680.13,7700.0,6.26,-120.68
5219.15,-51.09,-67.84,245.53,77.57,-275.97,-276.51,83.76,352.13,7700.0,22.14,-129.25
5231.19,-55.24,-65.95,157.01,85.52,-256.26,-263.34,1093.83,760.07,7700.0,14.86,-125.32
5243.22,-46.24,-62.99,245.75,101.54,-216.83,-233.11,2513.65,1724.54,7700.0,-4.75,0.00
5255.24,-55.24,-61.83,96.72,101.06,-197.12,-209.72,1945.66,1846.16,7700.0,-13,124.32
5267.24,-34.48,-57.73,341.88,125.14,-177.41,-188.72,1750.06,1793.3,7700.0,-5.5,120.27
5279.26,-50.4,-56.63,91.49,121.77,-177.41,-181.37,611.5,1143.31,7700.0,5.47,-120.26
5291.28,-33.79,-53.2,285.02,138.1,-157.7,-165.98,1279.97,1218.47,7700.0,8.75,-122.02
5303.32,-38.63,-51.02,181.53,142.44,-137.98,-147.78,1511.47,1379.62,7700.0,4.06,0.00
5315.35,-33.79,-48.43,214.78,149.68,-118.27,-128.6,1594.24,1497.66,7700.0,1.35,0.00
5327.38,-21.33,-44.37,337.85,168.49,-98.56,-109.07,1622.87,1566.53,7700.0,5.08,-120.05
5339.41,-38.63,-43.51,71.53,158.8,-78.85,-89.43,1633.47,1603.35,7700.0,-3.74,0.00
5351.44,-17.18,-39.56,328.2,175.74,-59.14,-69.74,1636.34,1621.49,7700.0,0.2,0.00
5363.45,-29.64,-38.07,123.94,170.56,-39.42,-50.03,1640.94,1632.19,7700.0,-5.89,120.48
5375.48,-8.88,-33.69,364.06,189.91,-19.71,-30.32,1638.58,1635.7,7700.0,-0.37,0.00
5387.5,-21.33,-31.84,154.22,186.34,0,-10.61,1639.83,1637.97,7700.0,-5.33,120.18
5399.54,-17.87,-29.74,174.04,185.11,0,-3.71,573.19,1052.34,7700.0,6.35,-120.73
5411.56,-13.03,-27.24,208.44,187.44,0,-1.3,200.74,583.96,7700.0,18.7,-127.4
5423.58,-13.03,-25.1,177.42,186.44,0,-0.46,70.36,301.48,7700.0,26.26,-131.48
5435.61,-4.72,-22.05,254.06,193.2,19.71,12.65,1089.43,734.85,7700.0,19.47,-127.81
5447.64,-4.72,-19.45,215.97,195.48,59.14,42.87,2511.19,1711.84,7700.0,-5.34,120.19
5459.66,-5.42,-17.34,175.17,193.45,78.85,66.25,1946.31,1840.8,7700.0,-13.15,124.4
5471.68,-0.57,-14.83,209.3,195.03,78.85,74.44,681.02,1202.92,7700.0,0.62,0.00
5483.69,2.89,-12.17,221.15,197.64,78.85,77.31,238.42,672.45,7700.0,14.34,-125.04
5495.7,11.88,-8.56,300.49,207.93,78.85,78.31,83.51,348.53,7700.0,28.13,-132.49
5507.73,-1.26,-7.47,91.02,196.24,98.56,91.47,1094.45,758.78,7700.0,13.4,-124.54
5519.75,11.88,-4.57,241.4,200.75,118.27,108.89,1448.73,1138.25,7700.0,5.47,-120.26
5531.77,7.73,-2.72,153.51,196.03,137.98,127.8,1573.74,1377.77,7700.0,-4.39,0.00
5543.8,-1.26,-2.5,18.16,178.24,157.7,147.23,1615.47,1508.5,7700.0,-18.45,127.26
5555.81,7.04,-1.07,119.11,172.33,177.41,166.85,1632.26,1576.57,7700.0,-25.97,131.32
5567.83,16.04,1.49,213.56,176.45,177.41,173.71,571.34,1023.69,7700.0,-12.61,124.11
5579.84,7.04,2.33,69.24,165.73,157.7,163.3,-866.61,-15.97,7700.0,8.74,-122.02
5591.84,11.19,3.66,110.81,160.24,157.7,159.66,-303.63,-174.18,7700.0,12.74,-124.18
5603.85,19.5,6.03,197.86,164,177.41,171.19,960.84,450.08,7700.0,0.82,0.00
5615.87,23.65,8.67,219.75,169.58,197.12,188.05,1401.45,973.33,7700.0,-9.77,122.58
5627.88,19.5,10.3,135.17,166.14,216.83,206.76,1558.15,1294.98,7700.0,-21.05,128.67
5639.9,36.8,14.27,330.67,182.59,216.83,213.31,544.81,882.39,7700.0,-4.69,0.00
5651.9,31.95,16.92,220.92,186.42,216.83,215.6,190.94,502.09,7700.0,6.6,-120.86
5663.91,27.8,18.56,135.85,181.37,216.83,216.4,66.81,262.69,7700.0,11.39,-123.45
5675.94,23.65,19.32,63.5,169.58,236.54,229.49,1088.57,716.92,7700.0,-4.62,0.00
5687.94,23.65,19.97,54.1,158.03,256.26,246.89,1449.61,1119.9,7700.0,-20.95,128.61
5699.94,24.34,20.62,54.62,147.69,256.26,252.98,507.2,782.92,7700.0,-18.68,127.39
5711.96,28.49,21.8,98.21,142.74,275.97,267.92,1243.62,1036.3,7700.0,-28.49,132.68
5723.98,24.34,22.18,31.64,131.63,256.26,260.34,-630.81,119.39,7700.0,-11.1,123.29
5735.98,20.19,21.88,-24.96,115.97,236.54,244.87,-1288.47,-654.93,7700.0,3.51,0.00
5747.98,23.65,22.15,22.03,106.58,236.54,239.46,-451.11,-542.83,7700.0,0.1,0.00
5760.03,20.19,21.85,-24.43,93.48,236.54,237.56,-157.26,-330.77,7700.0,-8.24,121.75
5772.03,20.19,21.6,-20.84,82.05,236.54,236.9,-55.26,-179.24,7700.0,-15.13,125.47
5784.07,23.65,21.91,25.46,76.39,236.54,236.67,-19.28,-91.26,7700.0,-18.33,127.2
5796.09,19.5,21.55,-30.14,65.73,236.54,236.59,-6.76,-44.78,7700.0,-23.18,129.82
5808.09,23.65,21.86,26.23,61.78,216.83,223.75,-1070.09,-608.7,7700.0,-8.98,122.15
5820.11,16.04,20.99,-72.75,48.33,197.12,206.44,-1440.31,-1066.09,7700.0,-0.1,0.00
5832.12,19.5,20.76,-18.66,41.63,177.41,187.57,-1571.01,-1343.8,7700.0,8.64,-121.96
5844.14,20.19,20.68,-7.21,36.75,177.41,180.96,-549.29,-906.82,7700.0,0.17,0.00
5856.16,20.88,20.71,2.51,33.32,197.12,191.46,874.22,72.75,7700.0,-23.67,130.08
5868.16,20.19,20.63,-6.51,29.34,197.12,195.14,306.18,201.14,7700.0,-28.75,132.82
5880.17,23.65,21.08,37.68,30.17,197.12,196.43,107.12,149.43,7700.0,-27.29,132.04
5892.19,28.49,22.19,92.42,36.4,177.41,184.06,-1028.16,-498.24,7700.0,-7.28,121.23
5904.2,28.49,23.14,78.66,40.63,157.7,166.92,-1427.39,-1009.27,7700.0,10.59,-123.02
5916.23,24.34,23.32,14.97,38.06,137.98,148.11,-1563.96,-1314.35,7700.0,21.7,-129.02
5928.23,32.64,24.72,116.52,45.91,137.98,141.53,-548.49,-893.13,7700.0,19.47,-127.81
5940.26,24.34,24.66,-4.72,40.84,157.7,152.04,873.4,78.46,7700.0,-4.85,0.00
5952.3,24.34,24.61,-4.01,36.36,177.41,168.53,1370.51,789.09,7700.0,-25.55,131.09
5964.32,24.34,24.57,-3.41,32.38,177.41,174.3,480.17,619.19,7700.0,-25.24,130.93
5976.35,16.73,23.39,-97.77,19.37,177.41,176.32,167.85,370.95,7700.0,-26.55,131.64
5988.36,20.19,22.91,-40.05,13.42,177.41,177.03,58.86,199.3,7700.0,-25.86,131.26
6000.38,20.19,22.5,-34.04,8.68,157.7,164.46,-1045.73,-485.47,7700.0,-10.43,122.93
6012.42,20.19,22.16,-28.88,4.92,137.98,147.25,-1429.89,-1004.9,7700.0,3.47,0.00
6024.43,16.04,21.24,-76.45,-3.21,137.98,141.23,-501.49,-728.03,7700.0,-4.02,0.00
6036.46,19.5,20.98,-21.73,-5.07,157.7,151.93,889.35,161.53,7700.0,-25.94,131.31
6048.48,24.34,21.48,41.97,-0.36,157.7,155.68,311.79,244.17,7700.0,-26.57,131.65
6060.5,36.8,23.78,191.04,18.78,157.7,156.99,109.06,169.86,7700.0,-16.48,126.2
6072.53,32.64,25.11,110.55,27.95,157.7,157.45,38.16,97.42,7700.0,-10.58,123.01
6084.55,32.64,26.24,94.06,34.57,137.98,144.8,-1052.96,-535.29,7700.0,9.37,-122.36
6096.58,23.65,25.85,-32.31,27.88,137.98,140.37,-368.04,-443.3,7700.0,6.2,-120.65
6108.59,20.19,25,-70.71,18.02,137.98,138.82,-129.03,-270.45,7700.0,-1.04,0.00
6120.61,16.04,23.66,-111.88,5.03,157.7,151.09,1020.81,439.75,7700.0,-24.78,130.68
6132.64,16.04,22.51,-95.04,-4.98,157.7,155.38,357.06,394.27,7700.0,-29.8,133.39
6144.64,16.04,21.54,-80.97,-12.58,137.98,144.07,-942.46,-340.94,7700.0,-15.35,125.59
6156.64,16.04,20.71,-68.82,-18.2,118.27,127.3,-1397.59,-922.09,7700.0,-1.52,0.00
6168.66,3.58,18.14,-213.77,-37.76,98.56,108.62,-1553.79,-1269.53,7700.0,1.57,0.00
6180.66,3.58,15.96,-182.07,-52.19,98.56,102.08,-544.91,-870.99,7700.0,-11.75,123.65
6192.68,7.04,14.62,-111.33,-58.1,98.56,99.79,-190.41,-496.67,7700.0,-22.07,129.22
6204.71,11.19,14.11,-42.78,-56.57,98.56,98.99,-66.59,-260.13,7700.0,-26.66,131.7
6216.73,36.8,17.51,283.23,-22.59,98.56,98.71,-23.33,-129.89,7700.0,-13.98,124.85
6228.73,11.19,16.56,-78.99,-28.23,78.85,85.8,-1075.9,-650.2,7700.0,-2.67,0.00
6240.76,-1.26,13.89,-222.33,-47.64,59.14,68.47,-1440.97,-1085.12,7700.0,1.69,0.00
6252.76,3.58,12.34,-128.78,-55.75,59.14,62.4,-505.18,-766.15,7700.0,-7.36,121.27
6264.8,-0.57,10.4,-161,-66.28,59.14,60.28,-176.45,-441.82,7700.0,-18.95,127.53
6276.82,3.58,9.38,-85.18,-68.17,59.14,59.54,-61.82,-232.82,7700.0,-24.72,130.65
6288.83,16.04,10.38,83.07,-53.05,39.42,46.46,-1087.97,-703.15,7700.0,-5.24,120.13
6300.85,40.95,14.96,381.46,-9.59,19.71,29.07,-1446.6,-1112.05,7700.0,27.86,-132.34
6312.86,-1.26,12.53,-202.73,-28.91,0,10.18,-1573.88,-1366.05,7700.0,29.39,-133.17
6324.88,-4.72,9.94,-215.39,-47.56,19.71,16.37,515.82,-331.02,7700.0,-2.35,0.00
6336.89,-5.42,7.64,-191.73,-61.97,19.71,18.54,180.54,-49.66,7700.0,-16.09,125.99
6348.9,2.89,6.93,-59.32,-61.71,19.71,19.3,63.21,12.42,7700.0,-18.3,127.18
6360.92,11.88,7.67,61.91,-49.35,0,6.76,-1044.54,-568.91,7700.0,2.04,0.00
6372.94,11.88,8.3,52.57,-39.16,-19.71,-10.45,-1430.83,-1042.97,7700.0,20.78,-128.52
6384.94,33.56,14.34,323.22,-20.08,-19.71,-16.47,-501.79,-745.32,7700.0,41.6,-139.77
6396.95,-4.72,11.48,-238.16,-10.24,-19.71,-18.58,-175.51,-431.93,7700.0,24.26,-130.4
6408.96,-4.72,9.05,-202.42,-29.46,0,-6.5,1005.53,358.68,7700.0,-4.36,0.00
6420.98,-4.72,6.98,-171.78,-43.69,19.71,10.54,1416.65,940.56,7700.0,-28.22,132.54
6433.01,3.58,6.47,-42.47,-43.57,19.71,16.5,495.98,696.04,7700.0,-25.68,131.16
6445.04,3.58,6.04,-36.08,-42.82,0,5.78,-891.73,-177.23,7700.0,-5.25,120.14
6457.04,3.58,5.67,-30.72,-41.61,-19.71,-10.79,-1379.61,-838.54,7700.0,12.91,-124.27
6469.07,3.58,5.36,-26.07,-40.06,-19.71,-16.59,-482.08,-642.49,7700.0,10.87,-123.17
6481.1,-0.57,4.47,-73.91,-43.44,-19.71,-18.62,-168.66,-381.88,7700.0,4.11,0.00
6493.12,-13.72,1.74,-227.13,-61.81,0,-6.52,1007.57,382.32,7700.0,-24.05,130.29
6505.12,-8.88,0.15,-132.69,-68.9,0,-2.28,352.99,366.18,7700.0,-29.2,133.07
6517.14,-4.72,-0.58,-60.79,-68.09,-19.71,-13.61,-942.6,-353.65,7700.0,-12,123.78
6529.14,-1.26,-0.69,-8.5,-62.13,-39.42,-30.39,-1397.24,-927.62,7700.0,6.36,-120.74
6541.18,-4.72,-1.29,-50.35,-60.95,-59.14,-49.07,-1552.95,-1271.55,7700.0,18.53,-127.31
6553.18,-17.87,-3.78,-207.19,-75.57,-59.14,-55.61,-544.81,-871.84,7700.0,4.76,0.00
6565.2,-13.72,-5.27,-124.11,-80.43,-39.42,-45.09,875.83,89.38,7700.0,-20.97,128.62
6577.2,-4.72,-5.19,6.82,-71.7,-39.42,-41.41,306.85,208.98,7700.0,-21.49,128.9
6589.21,-4.72,-5.12,5.79,-63.95,-59.14,-52.93,-959.3,-433.57,7700.0,-2.54,0.00
6601.22,-8.88,-5.68,-46.96,-62.25,-78.85,-69.78,-1403.38,-966.97,7700.0,13.08,-124.36
6613.22,-17.18,-7.41,-143.63,-70.39,-78.85,-75.67,-491.03,-705.2,7700.0,4.91,0.00
6625.26,-17.18,-8.87,-121.84,-75.54,-78.85,-77.74,-171.51,-411.67,7700.0,-3.75,0.00
6637.26,-22.02,-10.85,-164.34,-84.42,-78.85,-78.46,-60.17,-218.35,7700.0,-12.64,124.13
6649.28,-9.57,-10.65,15.93,-74.38,-78.85,-78.71,-21.02,-109.82,7700.0,-11.2,123.35
6661.3,-8.88,-10.39,22.19,-64.72,-98.56,-91.61,-1073.64,-639.92,7700.0,6.77,-120.96
6673.3,-4.72,-9.54,70.77,-51.18,-98.56,-96.13,-376.16,-494.86,7700.0,10.69,-123.07
6685.31,-8.88,-9.44,8.27,-45.23,-98.56,-97.71,-131.66,-295.1,7700.0,9.24,-122.29
6697.31,-13.03,-9.98,-44.87,-45.2,-59.14,-72.64,2089.35,1016.35,7700.0,-25.12,130.87
6709.32,-22.02,-11.78,-150.44,-55.72,-39.42,-51.05,1797.21,1445.82,7700.0,-45.78,142.02
6721.33,-22.02,-13.32,-127.87,-62.93,-39.42,-43.49,629,996.57,7700.0,-43.24,140.65
6733.37,-21.33,-14.52,-99.86,-66.63,-59.14,-53.66,-844.86,-16.22,7700.0,-22.56,129.48
6745.38,-21.33,-15.54,-85.04,-68.47,-78.85,-70.03,-1362.89,-756.89,7700.0,-4.63,0.00
6757.4,-22.02,-16.52,-80.9,-69.71,-78.85,-75.76,-476.88,-602.88,7700.0,-7.54,121.37
6769.41,-26.18,-17.97,-120.6,-74.8,-78.85,-77.77,-166.91,-363.1,7700.0,-15.11,125.46
6781.44,-21.33,-18.47,-41.98,-71.52,-98.56,-91.28,-1123.23,-781.17,7700.0,-2.2,0.00
6793.46,-21.33,-18.9,-35.73,-67.94,-98.56,-96.01,-393.64,-568.03,7700.0,-4.37,0.00
6805.47,-17.18,-18.64,21.47,-59,-98.56,-97.67,-137.87,-331.44,7700.0,-5.35,120.19
6817.5,-13.03,-17.8,70,-46.1,-98.56,-98.25,-48.18,-175.65,7700.0,-3.05,0.00
6829.52,-13.03,-17.08,59.54,-35.53,-98.56,-98.45,-16.87,-88.32,7700.0,-0.41,0.00
6841.54,-17.18,-17.1,-1.2,-32.1,-98.56,-98.52,-5.9,-42.99,7700.0,-0.18,0.00
6853.55,-21.33,-17.73,-52.91,-34.18,-98.56,-98.55,-2.07,-20.48,7700.0,-2.06,0.00
6865.55,-22.02,-18.38,-53.64,-36.13,-98.56,-98.55,-0.72,-9.62,7700.0,-3.67,0.00
6877.56,-26.18,-19.55,-97.39,-42.25,-98.56,-98.56,-0.25,-4.47,7700.0,-7.16,121.17
6889.56,-25.48,-20.44,-74.19,-45.45,-98.56,-98.56,-0.09,-2.06,7700.0,-9.3,122.32
6901.58,-26.18,-21.3,-71.62,-48.06,-98.56,-98.56,-0.03,-0.94,7700.0,-11.19,123.35
6913.59,-25.48,-21.93,-52.29,-48.49,-118.27,-111.37,-1067.01,-587.28,7700.0,3.5,0.00
6925.6,-26.18,-22.56,-53.07,-48.95,-118.27,-115.86,-373.34,-469.61,7700.0,1.6,0.00
6937.61,-26.18,-23.11,-45.14,-48.57,-118.27,-117.43,-130.76,-283.24,7700.0,-2.17,0.00
6949.63,-21.33,-22.84,22.12,-41.5,-118.27,-117.98,-45.69,-152.59,7700.0,-1.97,0.00
6961.67,-21.33,-22.61,18.78,-35.47,-118.27,-118.17,-15.97,-77.45,7700.0,-1.16,0.00
6973.69,-26.18,-23.15,-44.46,-36.37,-118.27,-118.24,-5.6,-37.93,7700.0,-2.86,0.00
6985.69,-25.48,-23.5,-29.2,-35.65,-118.27,-118.26,-1.96,-18.15,7700.0,-3.42,0.00
6997.72,-21.33,-23.17,27.01,-29.38,-118.27,-118.27,-0.69,-8.54,7700.0,-1.16,0.00
7009.74,-25.48,-23.52,-28.83,-29.33,-118.27,-118.27,-0.24,-3.98,7700.0,-1.64,0.00
7021.75,-17.18,-22.57,79.17,-18.48,-118.27,-118.27,-0.08,-1.84,7700.0,3.01,0.00
7033.76,-21.33,-22.38,15.45,-15.09,-118.27,-118.27,-0.03,-0.84,7700.0,4.33,0.00
7045.78,-13.03,-20.98,116.75,-1.9,-118.27,-118.27,-0.01,-0.38,7700.0,10.31,-122.87
7057.8,-4.72,-18.54,202.8,18.57,-118.27,-118.27,0,-0.18,7700.0,19.92,-128.06
7069.83,-8.88,-17.09,120.58,28.77,-98.56,-105.46,1065.6,586,7700.0,9.41,-122.38
7081.85,-8.88,-15.86,102.49,36.14,-98.56,-100.97,372.95,468.82,7700.0,14.29,-125.01
7093.89,-4.72,-14.19,138.78,46.4,-59.14,-73.78,2259.6,1453.75,7700.0,-8.23,121.74
7105.9,-13.03,-14.02,14.5,43.21,-39.42,-51.45,1858.99,1676.63,7700.0,-20.24,128.23
7117.93,-13.03,-13.87,12.3,40.12,-39.42,-43.63,649.61,1111.77,7700.0,-12.13,123.85
7129.94,-22.02,-15.09,-101.89,25.92,-39.42,-40.9,227.8,625.59,7700.0,-9.35,122.35
7141.97,-17.18,-15.4,-26.06,20.72,-39.42,-39.94,79.6,325.3,7700.0,-5.71,120.38
7153.98,-17.18,-15.67,-22.18,16.43,-39.42,-39.6,27.9,161.73,7700.0,-4.27,0.00
7165.98,-17.18,-15.9,-18.87,12.9,-39.42,-39.49,9.77,78.15,7700.0,-4.06,0.00
7178.,-13.03,-15.47,35.81,15.19,-39.42,-39.45,3.42,37.05,7700.0,-1.99,0.00
7190.02,-17.87,-15.83,-30.01,10.67,-39.42,-39.43,1.19,17.33,7700.0,-3.51,0.00
7202.05,-8.88,-14.79,86.69,18.27,-39.42,-39.43,0.42,8.03,7700.0,0.4,0.00
7214.06,-8.88,-13.9,73.76,23.82,-39.42,-39.42,0.15,3.69,7700.0,3.35,0.00
7226.08,-4.72,-12.52,114.49,32.89,-39.42,-39.42,0.05,1.69,7700.0,8,-121.62
7238.1,-9.57,-12.08,36.89,33.29,-39.42,-39.42,0.02,0.77,7700.0,8.66,-121.98
7250.12,-1.26,-10.46,134.92,43.45,-39.42,-39.42,0.01,0.35,7700.0,13.92,-124.82
7262.16,-0.57,-8.98,123.15,51.42,-19.71,-26.61,1064.21,585.48,7700.0,2.74,0.00
7274.19,-8.88,-8.96,1.22,46.4,0,-9.31,1438,1054.36,7700.0,-13.46,124.57
7286.21,-8.88,-8.95,1.04,41.87,0,-3.26,503.5,751.39,7700.0,-10.7,123.08
7298.23,-8.88,-8.94,0.88,37.77,-19.71,-13.95,-889.7,-151.21,7700.0,9.22,-122.28
7310.24,-5.42,-8.41,43.99,38.39,-19.71,-17.7,-311.8,-239.54,7700.0,12.93,-124.28
7322.24,-4.72,-7.86,46.05,39.16,0,-6.19,958.56,419.42,7700.0,-2.8,0.00
7334.26,-5.42,-7.49,30.44,38.29,0,-2.17,334.94,372.95,7700.0,-2.94,0.00
7346.27,-1.26,-6.56,77.74,42.23,19.71,12.05,1183.92,818.99,7700.0,-13.73,124.71
7358.29,-4.72,-6.28,22.85,40.29,19.71,17.03,413.98,596.23,7700.0,-11.09,123.29
7370.3,-8.88,-6.67,-32.43,33.02,19.71,18.77,145.13,348.13,7700.0,-9.5,122.43
7382.33,-17.87,-8.35,-139.65,15.75,19.71,19.38,50.68,184.53,7700.0,-14.08,124.9
7394.36,-17.18,-9.68,-110.11,3.17,0,6.78,-1047.48,-493.08,7700.0,-2.45,0.00
7406.39,-21.33,-11.42,-145.33,-11.68,0,2.37,-366.5,-423.46,7700.0,-9.46,122.41
7418.42,-21.33,-12.91,-123.57,-22.87,0,0.83,-128.32,-261.13,7700.0,-17.68,126.85
7430.43,-17.18,-13.55,-53.33,-25.92,-19.71,-12.52,-1111.68,-728.93,7700.0,-6.07,120.58
7442.45,-21.33,-14.72,-97.08,-33.03,-39.42,-30.01,-1454.29,-1127.88,7700.0,3.44,0.00
7454.46,-17.87,-15.19,-39.4,-33.67,-39.42,-36.13,-509.67,-787.86,7700.0,-2.29,0.00
7466.48,-13.03,-14.87,27,-27.6,-59.14,-51.08,-1244.55,-1039.04,7700.0,9.6,-122.49
7478.49,-4.72,-13.35,126.61,-12.18,-59.14,-56.32,-435.61,-707.15,7700.0,11.4,-123.46
7490.5,-8.88,-12.68,55.82,-5.38,-39.42,-45.34,914.44,184.72,7700.0,-6.7,120.92
7502.53,-5.42,-11.59,90.52,4.21,-19.71,-28.68,1384.8,844.77,7700.0,-20.46,128.35
7514.53,-8.88,-11.18,33.86,7.17,-19.71,-22.85,485.64,647.25,7700.0,-16.8,126.37
7526.56,-4.72,-10.21,80.53,14.51,-39.42,-33.62,-895.91,-201.49,7700.0,6.96,-121.06
7538.59,-5.42,-9.49,59.76,19.04,-39.42,-37.39,-313.25,-262.96,7700.0,11.65,-123.59
7550.63,-8.88,-9.4,7.67,17.9,-19.71,-25.9,954.91,406.87,7700.0,-5.46,120.25
7562.63,-9.57,-9.43,-2.11,15.9,-19.71,-21.88,335.11,367.4,7700.0,-6.57,120.85
7574.66,-13.72,-10.07,-53.58,8.95,-19.71,-20.47,117.09,229.73,7700.0,-7.28,121.23
7586.68,-17.18,-11.14,-88.71,-0.82,-39.42,-32.79,-1024.62,-460.16,7700.0,5.74,-120.4
7598.7,-13.03,-11.42,-23.61,-3.1,-39.42,-37.1,-358.73,-404.38,7700.0,4.83,0.00
7610.72,-17.18,-12.28,-71.89,-9.97,-39.42,-38.61,-125.56,-251.03,7700.0,-1.06,0.00
7622.73,-13.72,-12.5,-17.94,-10.77,-39.42,-39.14,-43.99,-137.15,7700.0,-3.69,0.00
7634.74,-13.72,-12.68,-15.24,-11.22,-19.71,-26.51,1050.94,516.3,7700.0,-20.91,128.59
7646.76,-13.72,-12.84,-12.96,-11.39,-19.71,-22.09,367.83,434.64,7700.0,-20.85,128.56
7658.78,-13.03,-12.87,-2.37,-10.49,-19.71,-20.54,128.65,266.35,7700.0,-17.68,126.85
7670.8,-13.03,-12.89,-2.02,-9.64,-19.71,-20,45.04,144.63,7700.0,-15.16,125.48
7682.82,-17.18,-13.54,-53.53,-14.03,-39.42,-32.63,-1050.18,-512.51,7700.0,-0.43,0.00
7694.82,-13.03,-13.46,6.33,-12,-59.14,-49.86,-1435.9,-1020.38,7700.0,15.66,-125.76
7706.83,-17.18,-14.02,-46.51,-15.45,-59.14,-55.89,-502.4,-735.49,7700.0,9.98,-122.69
7718.86,-8.88,-13.25,64.08,-7.49,-39.42,-45.19,889.46,158.23,7700.0,-7.58,121.39
7730.89,-21.33,-14.46,-100.85,-16.83,-39.42,-41.44,311.42,242.48,7700.0,-14.89,125.34
7742.92,-17.87,-14.97,-42.54,-19.4,-39.42,-40.13,108.92,169.02,7700.0,-15.26,125.54
7754.94,-17.18,-15.3,-27.59,-20.22,-59.14,-52.48,-1028.46,-489.59,7700.0,0.96,0.00
7766.96,-9.57,-14.44,71.5,-11.05,-78.85,-69.62,-1424.7,-1003.9,7700.0,20.42,-128.33
7778.97,-8.88,-13.61,69.53,-2.99,-59.14,-62.81,567.55,-139.61,7700.0,4.73,0.00
7790.99,-4.72,-12.28,110.85,8.39,-59.14,-60.42,198.44,46.32,7700.0,5.61,-120.33
7803.,-5.42,-11.25,85.67,16.12,-39.42,-46.77,1136.52,645.93,7700.0,-6.73,120.93
7815.03,-8.88,-10.89,29.54,17.46,-19.71,-29.18,1461.94,1094.74,7700.0,-20.12,128.16
7827.03,-4.72,-9.97,77.08,23.43,-19.71,-23.03,513.02,774.79,7700.0,-12.52,124.06
7839.04,-13.72,-10.53,-46.92,16.39,-19.71,-20.87,179.5,447.38,7700.0,-9.6,122.48
7851.06,-17.87,-11.63,-91.58,5.59,-19.71,-20.12,62.7,235.81,7700.0,-10.44,122.94
7863.1,-17.18,-12.46,-69.17,-1.88,-39.42,-32.67,-1042.58,-467.31,7700.0,3.94,0.00
7875.13,-21.33,-13.79,-110.58,-12.75,-39.42,-37.06,-365.05,-411.06,7700.0,-1.01,0.00
7887.14,-17.18,-14.3,-42.31,-15.71,-39.42,-38.6,-128.02,-255.39,7700.0,-5.23,120.12
7899.14,-17.18,-14.73,-35.97,-17.73,-39.42,-39.13,-44.82,-139.57,7700.0,-8.56,121.92
7911.17,-17.87,-15.2,-39.16,-19.88,-39.42,-39.32,-15.66,-71.42,7700.0,-11.12,123.31
7923.19,-17.18,-15.5,-24.65,-20.35,-59.14,-52.2,-1071.09,-621.24,7700.0,3.23,0.00
7935.21,-17.18,-15.75,-20.96,-20.42,-78.85,-69.52,-1441,-1072.11,7700.0,17.13,-126.55
7947.22,-17.18,-15.97,-17.84,-20.16,-78.85,-75.58,-505.01,-760.2,7700.0,12.55,-124.07
7959.24,-17.87,-16.25,-23.78,-20.52,-78.85,-77.71,-176.52,-439.18,7700.0,6.31,-120.71
7971.26,-17.18,-16.39,-11.58,-19.63,-59.14,-65.64,1004.16,354.66,7700.0,-13.06,124.35
7983.28,-17.18,-16.51,-9.84,-18.65,-59.14,-61.41,351.46,352.9,7700.0,-14.11,124.92
7995.29,-17.18,-16.61,-8.37,-17.62,-59.14,-59.93,123.05,226.48,7700.0,-11.8,123.67
8007.32,-22.02,-17.42,-67.54,-22.61,-78.85,-72.23,-1022.57,-460.49,7700.0,3.03,0.00
8019.33,-21.33,-18.01,-48.81,-25.23,-78.85,-76.53,-358.13,-404.19,7700.0,1.65,0.00
8031.36,-17.87,-17.99,1.71,-22.54,-78.85,-78.04,-125.26,-250.78,7700.0,-0.06,0.00
8043.36,-13.72,-17.35,53.32,-14.95,-78.85,-78.56,-43.9,-137,7700.0,1.08,0.00
8055.4,-9.57,-16.18,96.99,-3.76,-78.85,-78.75,-15.33,-70.08,7700.0,4.85,0.00
8067.42,-13.03,-15.71,39.33,0.55,-78.85,-78.81,-5.37,-34.49,7700.0,6.14,-120.61
8079.45,-9.57,-14.79,76.57,8.15,-78.85,-78.84,-1.88,-16.55,7700.0,9.37,-122.36
8091.45,-4.72,-13.28,125.75,19.91,-59.14,-66.03,1066.72,579.25,7700.0,-0.74,0.00
8103.46,-4.72,-12,106.88,28.61,-59.14,-61.55,373.35,466.01,7700.0,4.55,0.00
8115.49,0.12,-10.18,151.02,40.85,-59.14,-59.98,130.36,281.4,7700.0,13.94,-124.83
8127.53,-0.57,-8.74,119.67,48.73,-59.14,-59.43,45.6,151.71,7700.0,20.65,-128.45
8139.56,-4.72,-8.14,50.04,48.86,-39.42,-46.43,1081.24,662.95,7700.0,7.28,-121.23
8151.58,-8.88,-8.25,-9.25,43.05,-19.71,-29.06,1443.7,1092.37,7700.0,-8.57,121.93
8163.61,-8.88,-8.34,-7.86,37.96,0,-10.17,1570.56,1355.37,7700.0,-21.29,128.8
8175.61,-4.72,-7.8,45.2,38.69,0,-3.56,550.96,912.95,7700.0,-13.55,124.62
8187.65,-13.03,-8.58,-65.18,28.3,-19.71,-14.06,-872.25,-68.91,7700.0,4.89,0.00
8199.66,-13.03,-9.25,-55.5,19.92,-19.71,-17.73,-305.82,-199.21,7700.0,5.05,-120.03
8211.67,-17.18,-10.44,-99.1,8.02,0,-6.21,960.24,438.49,7700.0,-16.48,126.2
8223.69,-17.18,-11.45,-84.12,-1.2,0,-2.17,335.61,381.9,7700.0,-20.78,128.52
8235.7,-17.18,-12.31,-71.58,-8.23,0,-0.76,117.59,236.53,7700.0,-21.62,128.98
8247.71,-13.03,-12.42,-8.97,-8.31,-19.71,-13.08,-1025.56,-457.62,7700.0,-4.19,0.00
8259.74,-13.03,-12.51,-7.61,-8.24,-39.42,-30.2,-1422.71,-988.42,7700.0,11.47,-123.5
8271.77,-13.03,-12.59,-6.47,-8.06,-39.42,-36.2,-498.31,-718.86,7700.0,7.85,-121.54
8283.81,-17.87,-13.38,-65.87,-13.84,-39.42,-38.29,-174.28,-419.34,7700.0,-0.35,0.00
8295.82,-13.03,-13.33,4.39,-12.02,-39.42,-39.03,-61.12,-222.32,7700.0,-3.4,0.00
8307.86,-13.03,-13.28,3.72,-10.44,-19.71,-26.47,1043.16,473.69,7700.0,-20.52,128.38
8319.88,-13.72,-13.35,-5.46,-9.95,-19.71,-22.08,365.34,414.1,7700.0,-20.56,128.4
8331.92,-13.03,-13.3,3.98,-8.55,-39.42,-33.35,-936.79,-328.89,7700.0,-1.8,0.00
8343.94,-13.03,-13.26,3.39,-7.36,-39.42,-37.3,-328.29,-328.56,7700.0,-0.18,0.00
8355.96,-17.18,-13.85,-48.93,-11.52,-59.14,-51.49,-1180.94,-797.37,7700.0,11.39,-123.45
8367.97,-17.18,-14.35,-41.63,-14.53,-59.14,-56.46,-413.66,-586.33,7700.0,7.08,-121.13
8379.98,-13.03,-14.15,16.48,-11.43,-39.42,-45.39,922.24,243.38,7700.0,-11.58,123.55
8392.01,-13.03,-13.98,13.98,-8.89,-19.71,-28.7,1387.07,872.41,7700.0,-28.13,132.49
8404.04,-13.72,-13.94,3.25,-7.67,-19.71,-22.86,485.48,659.6,7700.0,-25.18,130.9
8416.05,-13.03,-13.81,11.42,-5.76,-19.71,-20.81,170.24,390.45,7700.0,-19.62,127.89
8428.05,-13.72,-13.79,1.06,-5.08,-39.42,-32.91,-1008.1,-378.75,7700.0,-0.37,0.00
8440.06,-13.03,-13.68,9.54,-3.62,-59.14,-49.96,-1419.2,-951,7700.0,16.81,-126.38
8452.08,-13.72,-13.68,-0.53,-3.31,-59.14,-55.92,-496.52,-701.04,7700.0,13.69,-124.69
8464.09,-8.88,-12.96,60.02,3.02,-39.42,-45.2,892.5,175.41,7700.0,-4.12,0.00
8476.1,-5.42,-11.83,94.24,12.14,-39.42,-41.45,312.5,250.81,7700.0,-2.42,0.00
8488.12,-0.57,-10.14,140.5,24.98,-39.42,-40.13,109.3,172.98,7700.0,4.96,0.00
8500.16,-4.72,-9.33,67.55,29.24,-39.42,-39.67,38.22,98.86,7700.0,8.66,-121.97
8512.17,-0.57,-8.02,109.31,37.24,-39.42,-39.51,13.39,51.85,7700.0,13.73,-124.71
8524.21,-4.72,-7.52,41.03,37.62,-19.71,-26.64,1069.36,611.48,7700.0,-0.62,0.00
8536.23,-4.72,-7.1,34.91,37.35,0,-9.32,1440.55,1067.47,7700.0,-14.54,125.15
8548.23,-4.72,-6.75,29.72,36.59,0,-3.26,504.91,758.06,7700.0,-10,122.7
8560.25,-9.57,-7.17,-35.23,29.41,19.71,11.67,1242.52,1024.52,7700.0,-22.68,129.55
8572.29,-13.72,-8.15,-81.64,18.3,19.71,16.9,434.26,699.88,7700.0,-22.57,129.49
8584.3,-13.72,-8.99,-69.51,9.52,19.71,18.73,152.25,398.68,7700.0,-20.97,128.62
8596.32,-17.18,-10.22,-102.28,-1.66,19.71,19.37,53.29,208.71,7700.0,-22.49,129.44
8608.34,-13.03,-10.64,-35.09,-5,19.71,19.59,18.64,104.18,7700.0,-22.06,129.21
8620.37,-13.03,-11,-29.81,-7.48,19.71,19.67,6.52,50.47,7700.0,-22.25,129.31
8632.38,-5.42,-10.16,69.71,0.24,0,6.88,-1064.76,-562.91,7700.0,-2.62,0.00
8644.4,-9.57,-10.07,7.37,0.95,0,2.41,-372.16,-458,7700.0,-3.03,0.00
8656.4,-5.42,-9.37,58.18,6.67,0,0.84,-130.52,-277.88,7700.0,-3.46,0.00
8668.43,0.12,-7.95,118.37,17.84,-19.71,-12.52,-1110.75,-735.96,7700.0,15.06,-125.43
8680.43,-4.72,-7.47,40.29,20.09,-19.71,-17.19,-389.57,-545.44,7700.0,13.96,-124.84
8692.46,-0.57,-6.43,85.97,26.68,-19.71,-18.83,-136.09,-320.3,7700.0,13.33,-124.5
8704.48,-4.72,-6.18,21.3,26.14,0,-6.59,1018.21,415.88,7700.0,-4.94,0.00
8716.48,-5.42,-6.06,9.48,24.47,19.71,10.51,1424.26,970.49,7700.0,-21.58,128.95
8728.51,-4.72,-5.86,16.67,23.69,39.42,29.3,1562.77,1296.25,7700.0,-33.76,135.53
8740.52,-0.57,-5.07,66.04,27.93,39.42,35.88,547.66,884.53,7700.0,-25.17,130.89
8752.53,-5.42,-5.12,-4.36,24.7,19.71,25.37,-875.56,-83.52,7700.0,-3.78,0.00
8764.56,-0.57,-4.44,56.68,27.9,19.71,21.69,-305.65,-205.69,7700.0,1.62,0.00
8776.58,-4.72,-4.48,-3.58,24.75,19.71,20.41,-107.18,-151.51,7700.0,-0.17,0.00
8788.59,-4.72,-4.52,-3.04,21.97,19.71,19.95,-37.5,-88.8,7700.0,-2.25,0.00
8800.59,-4.72,-4.55,-2.59,19.51,39.42,32.61,1054.58,540.06,7700.0,-19.47,127.81
8812.6,-8.88,-5.2,-54.05,12.16,39.42,37.04,368.75,445.84,7700.0,-22.1,129.23
8824.62,-17.18,-7,-149.64,-4.02,39.42,38.59,129.06,271.61,7700.0,-26.52,131.62
8836.64,-13.03,-7.9,-75.28,-11.15,19.71,26.32,-1020.72,-439.17,7700.0,-12.03,123.8
8848.64,-17.18,-9.29,-115.97,-21.63,-19.71,-3.6,-2492.53,-1568.52,7700.0,14.44,-125.1
8860.65,-21.33,-11.1,-150.41,-34.51,-19.71,-14.07,-872.11,-1185.49,7700.0,3.56,0.00
8872.67,-17.18,-12.01,-75.88,-38.65,-19.71,-17.74,-304.83,-701.13,7700.0,-7.46,121.33
8884.68,-17.87,-12.89,-73.23,-42.1,-39.42,-31.83,-1173.88,-961.14,7700.0,-0.2,0.00
8896.69,-13.03,-12.91,-1.73,-38.07,-39.42,-36.77,-410.86,-658.48,7700.0,-3.47,0.00
8908.72,-13.03,-12.93,-1.47,-34.41,-39.42,-38.49,-143.55,-375.27,7700.0,-7.43,121.31
8920.75,-13.03,-12.94,-1.25,-31.09,-39.42,-39.1,-50.21,-196.49,7700.0,-9.74,122.56
8932.76,-13.03,-12.96,-1.06,-28.09,-39.42,-39.31,-17.61,-98.11,7700.0,-10.67,123.06
8944.8,-17.18,-13.59,-52.65,-30.54,-39.42,-39.38,-6.15,-47.53,7700.0,-13.21,124.44
8956.82,-13.72,-13.61,-1.63,-27.65,-59.14,-52.22,-1068.18,-608.89,7700.0,2.8,0.00
8968.83,-17.18,-14.15,-44.6,-29.35,-78.85,-69.53,-1440.81,-1066.44,7700.0,15.95,-125.91
8980.83,-13.03,-13.98,13.95,-25.02,-78.85,-75.59,-504.6,-757.43,7700.0,13.21,-124.44
8992.83,-17.18,-14.46,-40.04,-26.52,-59.14,-64.89,891.06,149.24,7700.0,-9.18,122.26
9004.84,-13.03,-14.24,17.86,-22.08,-39.42,-48.34,1378.61,825.39,7700.0,-25.96,131.32
9016.86,-13.72,-14.17,6.53,-19.22,-39.42,-42.54,482.21,636.64,7700.0,-22.89,129.66
9028.88,-17.18,-14.62,-37.62,-21.06,-39.42,-40.52,168.66,379.25,7700.0,-19.48,127.82
9040.89,-13.03,-14.38,19.85,-16.97,-39.42,-39.81,59.11,203.18,7700.0,-14.55,125.15
9052.92,-17.87,-14.9,-43.55,-19.63,-59.14,-52.37,-1044.2,-482.88,7700.0,1.45,0.00
9064.95,-21.33,-15.87,-80.18,-25.68,-78.85,-69.58,-1430.88,-1004.28,7700.0,13.92,-124.82
9076.96,-22.02,-16.79,-76.91,-30.81,-78.85,-75.6,-501.64,-727.83,7700.0,7.43,-121.31
9088.98,-21.33,-17.47,-56.66,-33.39,-59.14,-64.9,890.27,162.12,7700.0,-15.23,125.53
9101.,-21.33,-18.05,-48.15,-34.87,-39.42,-48.34,1377.09,830.35,7700.0,-34.73,136.06
9113.01,-22.02,-18.65,-49.65,-36.35,-39.42,-42.54,482.82,639.21,7700.0,-33.83,135.57
9125.02,-21.33,-19.05,-33.54,-36.06,-39.42,-40.52,168.93,380.56,7700.0,-29.65,133.31
9137.02,-17.18,-18.77,23.35,-30.12,-39.42,-39.81,59.13,203.77,7700.0,-24.04,130.28
9149.04,-21.33,-19.15,-32,-30.31,-59.14,-52.37,-1045.69,-483.43,7700.0,-7.03,121.1
9161.04,-13.72,-18.34,67.89,-20.49,-78.85,-69.58,-1433.61,-1006.03,7700.0,12.78,-124.2
9173.05,-9.57,-17.02,109.6,-7.48,-98.56,-88.42,-1569.19,-1315.76,7700.0,30.45,-133.74
9185.08,-13.03,-16.42,49.82,-1.75,-78.85,-82.2,517.14,-307.67,7700.0,11.02,-123.25
9197.11,-17.18,-16.54,-9.43,-2.52,-78.85,-80.02,180.93,-38.94,7700.0,4.6,0.00
9209.12,-21.33,-17.26,-59.86,-8.25,-59.14,-66.45,1129.78,603.86,7700.0,-15.06,125.43
9221.14,-21.33,-17.87,-50.89,-12.52,-59.14,-61.69,395.52,489.27,7700.0,-16.31,126.11
9233.14,-17.18,-17.77,8.6,-10.41,-59.14,-60.03,138.57,296.39,7700.0,-12.14,123.85
9245.17,-4.72,-15.81,162.58,6.89,-78.85,-72.26,-1016.56,-425.73,7700.0,13.97,-124.84
9257.18,-4.72,-14.15,138.37,20.04,-78.85,-76.54,-356.25,-387.51,7700.0,20.77,-128.52
9269.2,-4.72,-12.73,117.66,29.8,-78.85,-78.04,-124.74,-242.99,7700.0,23.21,-129.83
9281.22,-5.42,-11.64,91.27,35.95,-59.14,-65.75,1021.91,452.71,7700.0,8.92,-122.12
9293.26,-4.72,-10.6,86.13,40.97,-39.42,-48.64,1421.84,985.73,7700.0,-4.01,0.00
9305.26,-13.03,-10.96,-30.36,33.83,0,-17.02,2633.75,1892.14,7700.0,-34.4,135.88
9317.27,-17.18,-11.9,-77.66,22.68,19.71,6.85,1988.56,1945.17,7700.0,-47.39,142.89
9329.3,-17.18,-12.69,-65.9,13.83,19.71,15.21,694.84,1257.49,7700.0,-40,138.9
9341.32,-5.42,-11.6,90.75,21.52,0,5.32,-822.6,113.44,7700.0,-10.34,122.88
9353.35,-1.26,-10.05,128.83,32.25,0,1.86,-287.63,-107.15,7700.0,0.47,0.00
9365.36,-1.26,-8.73,109.68,39.99,-19.71,-12.16,-1167.45,-690.32,7700.0,20.44,-128.34
9377.4,3.58,-6.88,153.42,51.33,-19.71,-17.07,-407.83,-534.95,7700.0,24.71,-130.64
9389.42,3.58,-5.31,130.48,59.25,-19.71,-18.79,-142.82,-319.28,7700.0,25.36,-130.99
9401.44,-0.57,-4.6,59.22,59.25,0,-6.58,1016.65,415.48,7700.0,7.83,-121.53
9413.46,-1.26,-4.1,41.63,57.48,19.71,10.51,1420.5,968.24,7700.0,-8.35,121.81
9425.47,-1.26,-3.68,35.46,55.28,39.42,29.3,1565.59,1296.78,7700.0,-20.79,128.52
9437.47,-0.57,-3.21,38.8,53.63,39.42,35.88,548.13,885.02,7700.0,-14.52,125.14
9449.47,-4.72,-3.44,-18.92,46.38,39.42,38.18,191.84,503.77,7700.0,-10.25,122.83
9461.49,-9.57,-4.36,-76.48,34.09,19.71,26.18,-998.67,-322.57,7700.0,4.75,0.00
9473.51,-8.88,-5.04,-56.39,25.04,19.71,21.97,-349.59,-337.43,7700.0,2.53,0.00
9485.54,-13.03,-6.23,-99.65,12.57,19.71,20.5,-122.25,-219.08,7700.0,-4.91,0.00
9497.56,-13.72,-7.36,-93.45,1.97,19.71,19.99,-42.84,-122.15,7700.0,-11.51,123.52
9509.57,-13.03,-8.21,-70.84,-5.31,19.71,19.81,-15.01,-63.22,7700.0,-16.03,125.96
9521.58,-13.72,-9.04,-68.84,-11.66,0,6.93,-1071.96,-618.02,7700.0,-4.14,0.00
9533.58,-8.88,-9.01,1.98,-10.3,-19.71,-10.39,-1442.81,-1071.65,7700.0,10.61,-123.03
9545.59,-5.42,-8.47,44.91,-4.78,-19.71,-16.45,-504.94,-759.96,7700.0,8.64,-121.97
9557.6,-4.72,-7.91,46.81,0.38,-19.71,-18.57,-176.69,-439.16,7700.0,5.23,-120.12
9569.62,-9.57,-8.16,-20.7,-1.73,-19.71,-19.31,-61.78,-231.6,7700.0,0.31,0.00
9581.64,-9.57,-8.37,-17.58,-3.31,-19.71,-19.57,-21.61,-116.1,7700.0,-2.69,0.00
9593.67,-8.88,-8.45,-6.32,-3.61,0,-6.85,1058.12,529.72,7700.0,-19.61,127.89
9605.68,-8.88,-8.51,-5.37,-3.79,0,-2.4,370.64,442.23,7700.0,-19.33,127.74
9617.72,-4.72,-7.94,47.19,1.31,-19.71,-13.65,-935.11,-315.31,7700.0,1.54,0.00
9629.75,-8.88,-8.08,-11.64,0.01,-19.71,-17.59,-327.39,-321.95,7700.0,2.26,0.00
9641.76,-8.88,-8.2,-9.91,-0.98,-19.71,-18.97,-114.77,-208,7700.0,-0.07,0.00
9653.76,-8.88,-8.3,-8.43,-1.72,-19.71,-19.45,-40.2,-115.71,7700.0,-2.13,0.00
9665.8,-9.57,-8.49,-15.77,-3.13,-19.71,-19.62,-14.03,-59.79,7700.0,-3.89,0.00
9677.83,-9.57,-8.65,-13.41,-4.16,-19.71,-19.68,-4.91,-29.61,7700.0,-5,120.00
9689.84,-13.03,-9.31,-54.64,-9.21,-19.71,-19.7,-1.72,-14.27,7700.0,-7.74,121.48
9701.86,-13.72,-9.97,-55,-13.79,-39.42,-32.52,-1065.95,-592.7,7700.0,5.39,-120.21
9713.9,-13.03,-10.43,-38.1,-16.22,-39.42,-37.01,-372.91,-471.81,7700.0,2.98,0.00
9725.92,-8.88,-10.2,19.39,-12.66,-19.71,-25.77,935.29,302.1,7700.0,-14.42,125.09
9737.94,-4.72,-9.38,68.27,-4.56,-19.71,-21.83,327.25,315.93,7700.0,-12.25,123.91
9749.97,-8.88,-9.3,6.23,-3.48,-39.42,-33.27,-950.39,-380.55,7700.0,5.56,-120.3
9762.01,-8.88,-9.24,5.29,-2.61,-39.42,-37.27,-332.53,-354.14,7700.0,6.59,-120.86
9774.04,-8.88,-9.18,4.5,-1.89,-39.42,-38.67,-116.48,-223.43,7700.0,4.7,0.00
9786.06,-8.88,-9.14,3.83,-1.32,-19.71,-26.35,1024.75,463.07,7700.0,-12.49,124.04
9798.07,-8.88,-9.1,3.26,-0.86,-19.71,-22.03,359.06,405.86,7700.0,-12.44,124.02
9810.1,-8.88,-9.07,2.77,-0.5,-19.71,-20.52,125.49,251.66,7700.0,-9.65,122.51
9822.13,-8.88,-9.04,2.35,-0.22,-39.42,-32.81,-1021.02,-448.31,7700.0,8.16,-121.71
9834.13,-8.88,-9.01,2,0.01,-39.42,-37.11,-358.29,-398.8,7700.0,8.57,-121.93
9846.14,-5.42,-8.47,44.91,4.5,-39.42,-38.61,-125.28,-248.37,7700.0,8.12,-121.69
9858.16,-4.72,-7.91,46.78,8.72,-19.71,-26.33,1022.13,450.4,7700.0,-7.49,121.34
9870.18,-0.57,-6.81,91.64,17.02,0,-9.21,1424.59,986.21,7700.0,-19.31,127.73
9882.2,-0.57,-5.88,77.79,23.09,0,-3.23,497.97,717.68,7700.0,-12.64,124.13
9894.22,-0.57,-5.08,66.16,27.4,-19.71,-13.94,-891.54,-167.39,7700.0,10.63,-123.04
9906.22,3.58,-3.78,108.23,35.48,-19.71,-17.69,-312.56,-247.23,7700.0,17.54,-126.77
9918.25,-0.57,-3.3,40.01,35.94,-19.71,-19.01,-109.14,-171.29,7700.0,17.13,-126.55
9930.25,-1.26,-2.99,25.43,34.89,0,-6.65,1029.43,489.11,7700.0,0.22,0.00
9942.28,2.89,-2.11,73.35,38.73,39.42,23.3,2490.01,1589.6,7700.0,-28.47,132.67
9954.28,-0.57,-1.88,19.24,36.78,59.14,46.59,1941.23,1783,7700.0,-39.7,138.74
9966.31,-4.72,-2.31,-35.46,29.56,59.14,54.75,677.87,1175.18,7700.0,-32.87,135.05
9978.33,-5.42,-2.77,-38.8,22.72,39.42,44.79,-828.54,73.13,7700.0,-10.65,123.05
9990.33,-0.57,-2.44,27.51,23.2,19.71,28.49,-1357.76,-713.86,7700.0,10.53,-122.98
10002.33,-4.72,-2.79,-28.51,18.03,19.71,22.78,-475.37,-582.69,7700.0,7.51,-121.35
