time_in_ms,ref_offset,raw_offset,offset,offset_vel,raw_rotation,rotation,rotation_vel,pwm_model,pwm_real
2999.06,0.0,-208.0,-18.91,0.0,0.0,0.0,0.0,-13.24,124.45
3039.98,0.0,-208.0,-49.6,-38.01,0.0,0.0,-592.16,-41.05,139.47
3052.31,0.0,0.81,-39.16,-10.81,0.0,-4.22,-1037.3,-15.13,125.47
3064.73,0.0,-0.57,-29.56,25.41,0.0,-7.92,-939.92,5.55,-120.3
3077.04,0.0,-0.57,-21.28,64.26,-19.71,-19.62,-869.33,28.76,-132.83
3089.57,0.0,-0.57,-14.54,99.26,-19.71,-24.19,-281.39,39.79,-138.79
3102.13,0.0,-1.26,-9.53,124.85,0.0,-11.45,762.57,34.69,-136.03
3114.55,0.0,-1.26,-5.79,141.26,19.71,10.78,1624.22,25.39,-131.01
3127.1,0.0,-4.72,-4.26,139.35,39.42,36.03,2121.91,11.92,-123.74
3139.66,0.0,-4.03,-3.03,134.88,59.14,60.58,2221.74,3.36,0.0
3151.97,0.0,0.12,-0.85,139.48,98.56,94.2,2459.21,-5.24,120.13
3164.47,0.0,-0.57,0.38,134.76,137.98,132.63,2624.04,-18.35,127.21
3177.1,0.0,3.58,2.61,139.74,157.7,161.02,2223.94,-15.89,125.88
3189.78,0.0,16.04,8.56,179.25,157.7,170.62,1433.08,13.54,-124.61
3205.48,0.0,16.04,13.06,195.28,157.7,172.23,1023.69,28.84,-132.87
3218.27,0.0,24.34,18.74,225.84,177.41,180.66,1283.51,39.03,-138.38
3231.05,0.0,19.5,20.85,218.38,177.41,185.47,1472.81,33.49,-135.38
3246.86,0.0,19.5,22.56,201.44,216.83,213.52,2198.0,10.01,-122.71
3262.83,0.0,19.5,23.49,179.25,256.26,253.12,2511.3,-12.81,124.22
3278.84,0.0,19.5,23.85,154.93,295.68,294.71,2329.88,-29.95,133.48
3291.68,0.0,36.1,29.59,191.36,315.39,319.18,1742.03,-8.67,121.98
3304.4,0.0,19.5,27.45,146.83,335.1,337.67,1508.12,-29.09,133.01
3317.16,0.0,7.73,21.44,70.01,335.1,344.05,707.15,-53.61,146.25
3329.75,0.0,3.58,15.48,3.29,335.1,342.43,-354.04,-68.14,154.1
3342.29,0.0,9.12,13.18,-19.53,335.1,336.29,-1340.57,-62.55,151.07
3354.97,0.0,11.88,12.55,-23.28,335.1,328.62,-1920.93,-53.86,146.39
3370.91,0.0,11.88,12.07,-24.33,295.68,296.63,-2901.71,-31.91,134.53
3383.66,0.0,7.73,10.29,-38.69,275.97,269.27,-3050.61,-29.83,133.41
3396.34,0.0,2.89,7.27,-63.32,256.26,245.72,-2998.94,-36.68,137.11
3408.98,0.0,-0.57,3.9,-88.43,216.83,213.13,-3342.4,-35.79,136.63
3421.62,0.0,3.58,3.07,-85.59,177.41,174.73,-3718.8,-19.99,128.09
3437.56,0.0,3.58,2.39,-78.93,118.27,117.12,-4016.22,1.07,0.0
3449.92,0.0,-8.88,-2.34,-115.61,78.85,74.17,-3795.28,-9.5,122.43
3462.44,0.0,-5.42,-4.38,-121.41,39.42,34.2,-3694.33,-4.76,0.0
3474.83,0.0,11.88,0.6,-58.08,0.0,-4.75,-3549.0,31.61,-134.37
3487.23,0.0,-0.57,-0.28,-59.7,-39.42,-43.26,-2950.86,31.0,-134.04
3499.72,0.0,-6.8,-3.14,-80.27,-59.14,-67.74,-2147.95,14.85,-125.32
3512.26,0.0,-4.72,-4.36,-82.34,-78.85,-85.34,-1657.6,10.22,-122.82
3524.82,0.0,3.58,-2.12,-50.38,-78.85,-90.06,-1022.11,16.22,-126.06
3537.36,0.0,3.58,-0.44,-27.84,-78.85,-88.71,-364.53,16.2,-126.05
3549.84,0.0,-0.57,-0.71,-27.09,-59.14,-73.14,474.79,-0.17,0.0
3562.05,0.0,-3.34,-1.88,-35.29,-39.42,-50.88,978.39,-17.39,126.69
3574.5,0.0,-0.57,-1.68,-29.07,-39.42,-39.12,728.35,-13.95,124.83
3586.95,0.0,-8.88,-4.54,-53.43,-39.42,-35.58,368.78,-21.18,128.74
3599.42,0.0,-0.57,-3.51,-36.92,-39.42,-35.96,-73.05,-7.14,121.16
3611.79,0.0,-8.18,-5.51,-51.94,-39.42,-38.37,-216.0,-11.8,123.67
3624.27,0.0,-4.72,-5.63,-46.84,-59.14,-51.72,-704.35,0.82,0.0
3636.5,0.0,-5.42,-5.92,-44.02,-59.14,-59.63,-671.7,3.23,0.0
3648.72,0.0,-13.03,-8.86,-67.44,-78.85,-74.33,-827.98,-2.17,0.0
3660.98,0.0,-8.88,-9.39,-64.57,-78.85,-81.16,-755.09,-0.78,0.0
3673.2,0.0,-5.42,-8.44,-47.6,-78.85,-83.58,-556.45,4.29,0.0
3685.43,0.0,-4.72,-7.45,-32.29,-78.85,-83.58,-289.89,7.11,-121.14
3697.87,0.0,-1.26,-5.45,-8.81,-78.85,-82.27,-42.06,13.86,-124.78
3710.26,0.0,-0.57,-3.74,8.94,-78.85,-80.47,217.24,17.82,-126.92
3722.68,0.0,-4.72,-4.03,5.03,-59.14,-66.78,796.74,3.94,0.0
3734.82,0.0,-5.42,-4.5,-0.14,-59.14,-58.3,812.28,-0.81,0.0
3746.97,0.0,-4.72,-4.58,-0.95,-39.42,-43.12,964.73,-7.28,121.23
3759.34,0.0,-4.72,-4.64,-1.42,-39.42,-36.05,717.21,-5.56,120.31
3771.7,0.0,-4.72,-4.68,-1.66,-39.42,-34.4,420.05,-1.64,0.0
3783.88,0.0,-5.42,-4.96,-4.21,-59.14,-46.88,-142.76,8.71,-122.0
3796.26,0.0,-4.72,-4.91,-3.17,-39.42,-43.21,142.18,3.97,0.0
3808.45,0.0,0.81,-2.84,17.35,-39.42,-40.27,232.25,11.53,-123.53
3820.9,0.0,-13.72,-6.68,-22.17,-19.71,-26.96,709.22,-17.44,126.72
3833.4,0.0,-8.88,-7.66,-29.01,0.0,-7.43,798.83,-27.09,131.93
3845.68,0.0,-8.88,-8.33,-32.09,0.0,0.98,391.75,-24.79,130.68
3857.96,0.0,-8.88,-8.78,-32.63,-19.71,-9.25,-402.94,-10.84,123.16
3870.36,0.0,-3.34,-7.05,-11.81,-19.71,-17.47,-649.0,4.44,0.0
3882.56,0.0,-8.88,-7.81,-17.81,-39.42,-33.66,-844.03,8.49,-121.88
3894.96,0.0,-8.88,-8.34,-20.83,-39.42,-41.36,-643.7,5.83,-120.45
3907.36,0.0,-17.18,-11.73,-51.41,-39.42,-43.49,-385.17,-12.13,123.85
3919.9,0.0,-17.18,-14.13,-68.53,-39.42,-43.08,-390.28,-20.68,128.47
3932.46,0.0,-13.03,-14.28,-61.53,-39.42,-42.93,-519.21,-16.08,125.99
3945.04,0.0,-8.88,-12.8,-39.54,-59.14,-55.17,-915.65,2.75,0.0
3957.3,0.0,-15.8,-14.2,-48.51,-78.85,-73.74,-1104.4,5.66,-120.35
3969.84,0.0,-17.87,-15.93,-59.43,-78.85,-82.43,-868.62,-1.29,0.0
3982.16,0.0,-13.72,-15.59,-48.96,-59.14,-73.09,-269.83,-8.18,121.71
3994.68,0.0,-17.18,-16.56,-52.46,-39.42,-54.62,289.46,-23.26,129.86
4007.23,0.0,-17.18,-17.2,-52.34,-39.42,-44.17,179.85,-24.63,130.6
4019.8,0.0,-13.03,-16.1,-35.12,-59.14,-52.07,-470.72,-5.24,120.13
4032.3,0.0,-17.18,-16.77,-37.42,-78.85,-70.27,-920.92,4.67,0.0
4044.62,0.0,-17.18,-17.21,-37.24,-98.56,-91.61,-1164.83,13.43,-124.55
4057.24,0.0,-17.18,-17.5,-35.45,-98.56,-101.74,-839.27,11.59,-123.56
4069.86,0.0,-21.33,-19.18,-47.51,-78.85,-92.59,-72.53,-8.2,121.73
4082.35,0.0,-8.88,-15.8,-8.67,-59.14,-73.24,438.07,-2.79,0.0
4094.54,0.0,-9.57,-13.59,13.89,-59.14,-62.73,559.55,3.33,0.0
4106.8,0.0,-4.72,-10.24,44.87,-59.14,-57.8,545.05,17.05,-126.51
4119.25,0.0,-22.02,-14.19,0.9,-59.14,-55.8,629.84,-5.07,120.04
4131.65,0.0,-22.02,-17.05,-27.05,-39.42,-42.94,716.29,-22.76,129.59
4144.19,0.0,-5.42,-13.01,15.59,-39.42,-37.18,305.34,1.84,0.0
4156.44,0.0,-13.72,-13.15,12.39,-59.14,-48.59,-135.54,9.93,-122.66
4168.98,0.0,11.88,-3.91,101.04,-59.14,-55.51,-159.73,53.95,-146.43
4181.57,0.0,-1.26,-2.14,105.93,-39.42,-46.85,911.09,38.92,-138.32
4194.13,0.0,11.19,3.58,148.67,-19.71,-26.15,1729.9,42.56,-140.28
4206.8,0.0,11.88,7.81,171.56,19.71,9.88,2753.31,30.32,-133.67
4219.41,0.0,24.34,15.22,222.77,39.42,41.55,3077.47,43.21,-140.63
4232.13,0.0,32.64,23.38,274.76,78.85,79.61,3644.91,51.69,-145.21
4244.91,0.0,38.18,31.01,314.98,137.98,133.14,4580.85,45.7,-141.98
4257.82,0.0,56.86,43.04,392.59,197.12,195.13,5313.58,58.68,-148.98
4270.72,0.0,54.1,50.29,413.96,256.26,259.3,6006.64,45.86,-142.06
4283.63,0.0,54.1,55.07,408.47,315.39,324.2,6265.06,26.91,-131.83
4296.58,0.0,61.02,60.6,410.8,394.24,398.79,6445.29,10.37,-122.9
4309.58,0.0,82.47,71.98,469.69,473.09,476.98,6420.7,22.7,-129.56
4322.64,0.0,103.23,87.28,559.18,571.65,567.21,6940.76,38.86,-138.28
4335.78,0.0,107.38,99.29,604.6,650.49,653.75,7355.2,37.57,-137.59
4348.91,0.0,107.38,107.28,605.15,749.05,749.57,7871.7,11.69,-123.61
4362.15,0.0,125.37,118.97,641.06,847.61,850.14,7929.4,8.23,-121.74
4375.4,0.0,139.9,132.01,685.37,965.88,961.51,8241.96,2.55,0.0
4388.4,0.0,136.44,139.28,669.42,1064.44,1066.17,8201.95,-24.3,130.42
4401.83,0.0,160.66,152.8,713.57,1163.0,1168.46,7604.17,-13.79,124.75
4419.3,0.0,160.66,163.59,697.16,1281.28,1289.51,6976.88,-33.66,135.48
4436.74,0.0,160.66,170.24,643.43,1360.12,1381.07,5410.49,-49.89,144.24
4450.16,0.0,173.12,176.77,622.94,1399.55,1421.76,3697.76,-37.99,137.82
4466.62,0.0,173.12,181.95,573.39,1419.26,1445.27,1865.56,-32.58,134.89
4484.2,0.0,173.12,185.12,506.03,1438.97,1455.01,531.54,-39.73,138.75
4500.66,0.0,173.12,186.02,433.59,1438.97,1449.14,-632.68,-49.14,143.84
4514.1,0.0,208.41,197.9,492.6,1419.26,1428.03,-1741.97,4.69,0.0
4531.3,0.0,208.41,207.12,499.85,1379.84,1387.31,-1983.92,27.85,-132.34
4548.75,0.0,208.41,213.13,473.39,1360.12,1357.08,-1318.29,19.05,-127.59
4562.34,0.0,208.41,215.49,433.67,1360.12,1351.52,-655.62,-3.74,0.0
4575.59,0.0,208.41,216.55,387.97,1360.12,1353.03,-396.51,-25.53,131.09
4589.05,0.0,208.41,216.89,340.36,1360.12,1355.02,-547.01,-42.58,140.29
4602.52,0.0,208.41,216.71,293.79,1340.41,1343.38,-1305.39,-47.05,142.71
4616.1,0.0,208.41,216.21,250.03,1320.7,1322.74,-2093.55,-47.92,143.18
4633.53,0.0,208.41,216.13,206.72,1281.28,1283.31,-3096.9,-40.4,139.12
4650.97,0.0,208.41,215.6,166.38,1241.85,1236.7,-3639.84,-37.11,137.34
4668.32,0.0,208.41,214.81,130.48,1202.43,1190.58,-3820.49,-37.78,137.7
4681.82,0.0,198.72,210.05,66.91,1143.29,1141.54,-4300.41,-47.08,142.72
4695.3,0.0,219.48,214.07,97.3,1103.87,1095.52,-4626.24,-15.72,125.79
4711.7,0.0,219.48,217.06,110.91,1025.02,1022.82,-4810.86,12.76,-124.19
4728.3,0.0,219.48,219.11,112.99,946.17,944.87,-4521.73,30.18,-133.6
4741.66,0.0,177.96,205.04,-39.01,906.75,897.6,-3677.02,-41.32,139.61
4754.9,0.0,173.81,193.31,-148.45,887.04,871.38,-3584.29,-88.14,164.9
4768.22,0.0,165.51,181.9,-240.46,847.61,837.79,-4433.28,-111.8,177.67
4781.54,0.0,144.75,166.3,-361.43,788.48,784.47,-5885.27,-136.0,190.74
4794.86,0.0,140.6,153.85,-435.85,729.34,719.79,-7444.22,-134.93,190.16
4808.18,0.0,135.75,143.56,-479.69,670.21,649.89,-8510.92,-126.19,185.44
4821.51,0.0,141.29,138.67,-464.99,591.36,568.8,-9354.83,-90.81,166.34
4834.76,0.0,123.99,129.4,-495.35,512.51,484.75,-9444.47,-87.09,164.33
4848.0,0.0,111.53,118.71,-535.65,413.95,391.71,-9722.56,-83.25,162.26
4861.25,0.0,121.22,115.12,-501.41,315.39,293.82,-9976.67,-43.79,140.94
4874.46,0.0,99.77,105.31,-532.51,216.83,194.35,-9616.33,-43.63,140.86
4887.62,0.0,103.23,100.1,-514.96,98.56,85.94,-9686.79,-12.1,123.83
4900.68,0.0,81.78,89.14,-556.29,0.0,-16.65,-9124.39,-19.09,127.61
4913.52,0.0,77.62,80.4,-571.88,-118.27,-124.63,-9111.5,-4.64,0.0
4926.32,0.0,82.47,76.51,-538.42,-236.54,-238.49,-9090.35,34.17,-135.75
4939.38,0.0,61.71,66.64,-566.1,-335.1,-344.16,-8202.66,29.29,-133.11
4952.38,0.0,52.71,56.88,-589.5,-433.66,-440.72,-7474.6,26.32,-131.51
4965.39,0.0,48.56,48.97,-591.82,-492.8,-511.31,-6282.97,19.63,-127.9
4978.32,0.0,40.26,40.93,-595.63,-532.22,-556.98,-4912.65,3.34,0.0
4990.97,0.0,34.03,33.63,-593.38,-571.65,-591.13,-4006.18,-5.94,120.51
5003.84,0.0,36.1,29.68,-557.35,-611.07,-624.04,-3516.95,6.6,-120.87
5016.72,0.0,49.25,32.27,-462.04,-650.49,-658.24,-3081.93,48.56,-143.52
5029.6,0.0,28.49,27.11,-454.3,-670.21,-681.58,-1895.7,36.09,-136.79
5042.49,0.0,36.8,26.93,-398.94,-670.21,-684.9,-738.35,41.58,-139.75
5055.3,0.0,24.34,22.74,-389.97,-650.49,-668.49,638.84,17.47,-126.74
5068.15,0.0,36.8,24.69,-322.04,-630.78,-642.89,1418.83,27.91,-132.37
5081.01,0.0,28.49,23.45,-293.76,-611.07,-616.64,2057.18,22.22,-129.3
5093.87,0.0,20.19,19.86,-291.92,-571.65,-579.25,2705.39,1.36,0.0
5106.49,0.0,20.19,17.64,-277.64,-532.22,-537.51,2957.88,-8.7,122.0
5119.3,0.0,24.34,17.83,-241.1,-492.8,-495.59,2959.4,-4.45,0.0
5131.91,0.0,23.65,18.02,-209.54,-473.09,-467.02,2630.02,6.11,-120.6
5144.71,0.0,29.18,20.4,-160.22,-453.37,-445.16,2352.68,26.19,-131.44
5157.55,0.0,20.19,19.01,-153.64,-433.66,-425.98,2381.25,22.63,-129.52
5170.41,0.0,19.5,17.94,-144.89,-394.24,-394.7,2719.75,12.48,-124.04
5183.26,0.0,20.19,17.58,-130.23,-354.81,-356.83,2984.25,4.65,0.0
5195.88,0.0,20.19,17.49,-115.07,-315.39,-316.94,3116.95,-1.31,0.0
5208.51,0.0,31.95,21.85,-58.35,-275.97,-276.63,3128.17,14.19,-124.96
5221.36,0.0,36.8,26.83,-2.42,-236.54,-236.5,3325.54,27.06,-131.91
5234.13,0.0,24.34,25.9,-11.18,-197.12,-195.86,3647.42,7.91,-121.57
5246.88,0.0,20.88,23.98,-28.57,-157.7,-154.26,3606.15,-10.17,122.79
5259.73,0.0,32.64,26.91,3.62,-98.56,-102.4,3633.06,-8.61,121.95
5272.42,0.0,43.72,33.08,63.34,-59.14,-57.97,3462.09,11.05,-123.27
5285.1,0.0,29.88,32.42,49.08,-39.42,-29.03,3156.13,2.24,0.0
5297.56,0.0,45.1,37.44,92.09,-19.71,-7.39,2642.62,25.25,-130.93
5310.24,0.0,45.1,40.98,115.23,19.71,22.33,2876.76,26.04,-131.36
5322.98,0.0,32.64,38.86,80.31,59.14,59.08,3242.18,-4.07,0.0
5335.42,0.0,36.1,38.49,66.91,98.56,98.91,3171.39,-18.59,127.34
5348.14,0.0,48.56,42.71,99.75,137.98,138.51,2889.63,-8.17,121.71
5360.9,0.0,45.1,44.39,103.74,157.7,164.95,2455.16,-5.5,120.27
5373.68,0.0,40.95,43.97,86.75,157.7,173.55,1678.55,-3.08,0.0
5386.21,0.0,45.1,45.07,86.89,157.7,172.83,967.99,8.58,-121.93
5398.94,0.0,57.56,50.33,127.42,157.7,168.96,589.93,35.11,-136.26
5411.75,0.0,49.25,50.98,117.74,177.41,177.04,1097.97,22.05,-129.21
5424.6,0.0,40.26,48.02,74.15,197.12,194.67,1515.81,-8.13,121.69
5437.35,0.0,40.95,46.04,45.58,216.83,215.67,1453.91,-25.27,130.94
5450.13,0.0,46.48,46.57,45.09,216.83,223.98,785.08,-17.14,126.55
5462.89,0.0,45.1,46.4,37.8,236.54,235.5,592.28,-20.16,128.19
5475.66,0.0,53.4,49.26,61.04,236.54,239.22,192.79,-3.8,0.0
5488.21,0.0,65.17,55.56,114.98,216.83,227.01,-308.75,32.76,-134.99
5501.04,0.0,61.71,58.74,131.64,216.83,219.38,38.2,38.35,-138.01
5513.84,0.0,70.01,63.93,165.79,216.83,218.08,520.01,48.74,-143.62
5526.68,0.0,70.01,67.5,179.89,216.83,220.08,1060.53,48.28,-143.37
5539.58,0.0,65.17,68.12,163.31,256.26,247.02,2148.8,19.02,-127.57
5552.51,0.0,70.01,70.15,162.52,295.68,287.12,2795.74,0.4,0.0
5565.17,0.0,65.86,69.89,139.9,315.39,318.31,2672.21,-14.78,125.28
5578.08,0.0,61.71,68.05,104.3,354.81,353.99,2500.05,-36.64,137.09
5590.99,0.0,70.01,69.62,106.5,374.53,379.34,1770.29,-30.06,133.53
5603.88,0.0,61.71,67.6,73.42,374.53,385.87,845.91,-32.47,134.83
5616.68,0.0,65.86,67.56,63.86,374.53,383.62,-10.13,-22.92,129.67
5629.41,0.0,57.56,64.42,25.31,374.53,378.21,-491.61,-31.96,134.56
5642.2,0.0,49.25,59.09,-29.9,354.81,361.83,-1248.35,-42.33,140.16
5655.0,0.0,40.95,52.22,-93.18,354.81,351.14,-1678.45,-63.33,151.5
5667.82,0.0,47.18,49.62,-106.89,354.81,344.47,-2109.67,-62.5,151.05
5680.73,0.0,53.4,50.12,-88.49,335.1,327.77,-2668.06,-42.23,140.11
5693.55,0.0,32.64,43.02,-146.74,315.39,306.44,-2864.61,-62.22,150.9
5706.48,0.0,56.86,46.87,-90.66,275.97,273.27,-3625.29,-17.39,126.69
5719.31,0.0,40.95,43.97,-107.62,256.26,244.15,-3334.9,-23.29,129.87
5732.19,0.0,40.26,41.73,-115.92,216.83,210.41,-3379.45,-19.07,127.6
5745.08,0.0,45.1,42.01,-98.6,157.7,161.45,-3813.91,6.82,-120.98
5757.87,0.0,36.8,39.31,-112.7,118.27,115.98,-3617.25,7.7,-121.46
5770.7,0.0,40.95,38.99,-101.71,98.56,86.67,-2984.08,9.7,-122.54
5783.36,0.0,24.34,32.82,-149.32,78.85,66.56,-2307.16,-18.78,127.44
5796.09,0.0,36.8,33.07,-128.38,78.85,61.75,-1813.72,-16.44,126.18
5808.78,0.0,24.34,28.84,-153.67,78.85,62.38,-1314.91,-37.15,137.36
5821.52,0.0,29.18,27.73,-145.49,59.14,53.6,-1587.59,-28.37,132.62
5834.23,0.0,28.49,26.83,-136.17,59.14,48.58,-1515.88,-25.09,130.85
5846.91,0.0,15.34,21.54,-170.95,19.71,23.67,-2038.55,-28.64,132.77
5859.63,0.0,24.34,21.18,-153.23,0.0,-0.92,-2395.96,-10.29,122.86
5872.26,0.0,45.79,28.94,-58.65,-19.71,-24.42,-2330.17,37.86,-137.74
5884.96,0.0,20.19,25.27,-87.18,-59.14,-57.04,-1896.98,25.53,-131.09
5897.64,0.0,20.19,22.71,-101.36,-78.85,-79.77,-1502.66,17.84,-126.93
5910.34,0.0,4.27,15.16,-162.48,-78.85,-87.06,-892.59,-19.23,127.68
5922.96,0.0,11.88,12.66,-166.85,-59.14,-75.22,-447.94,-32.35,134.77
5935.69,0.0,46.48,23.67,-38.78,-59.14,-68.07,-503.41,25.62,-131.14
5948.3,0.0,11.88,19.05,-79.02,-78.85,-77.03,-230.12,4.44,0.0
5960.6,0.0,3.58,12.78,-130.69,-78.85,-79.26,-152.1,-21.23,128.76
5973.16,0.0,-0.57,6.86,-172.43,-78.85,-79.8,-401.46,-38.2,137.93
5985.7,0.0,7.04,5.56,-164.1,-78.85,-81.31,-816.76,-29.18,133.05
5998.31,0.0,31.95,13.88,-62.68,-98.56,-95.71,-1344.95,28.75,-132.82
6013.52,0.0,31.95,19.88,5.1,-98.56,-105.79,-547.66,50.61,-144.63
6026.12,0.0,7.04,15.23,-40.87,-78.85,-92.73,762.42,6.06,-120.57
6038.58,0.0,-3.34,8.12,-105.22,-59.14,-69.03,1281.61,-38.37,138.02
6051.13,0.0,-4.72,2.59,-146.29,-39.42,-44.97,999.94,-60.46,149.95
6063.65,0.0,-4.72,-1.24,-165.84,-19.71,-24.94,402.88,-67.01,153.49
6076.16,0.0,-4.72,-3.83,-170.86,-19.71,-19.79,-509.83,-58.43,148.85
6088.68,0.0,-4.72,-5.52,-166.41,-39.42,-33.99,-1550.15,-38.68,138.19
6101.3,0.0,2.89,-3.78,-128.99,-59.14,-56.84,-2185.0,-7.26,121.22
6113.84,0.0,-0.57,-3.64,-111.8,-78.85,-81.06,-2186.84,5.8,-120.43
6126.38,0.0,-0.57,-3.41,-95.89,-98.56,-102.63,-1927.53,13.83,-124.77
6139.03,0.0,16.04,2.92,-22.3,-118.27,-121.86,-1577.96,47.26,-142.82
6151.76,0.0,25.03,10.82,57.49,-118.27,-127.99,-491.09,69.93,-155.06
6166.93,0.0,25.03,16.56,105.02,-98.56,-113.69,1337.06,61.97,-150.76
6182.82,0.0,25.03,20.71,129.26,-59.14,-72.81,3016.93,39.15,-138.44
6198.69,0.0,25.03,23.59,137.33,0.0,-10.22,4147.84,11.78,-123.66
6211.26,0.0,0.12,16.12,47.53,39.42,40.45,4264.52,-43.79,140.94
6223.84,0.0,-1.26,10.15,-16.53,98.56,96.72,3744.13,-79.85,160.42
6236.4,0.0,0.81,6.61,-49.05,118.27,128.73,2185.03,-79.96,160.48
6249.0,0.0,4.96,5.61,-52.71,137.98,145.49,752.28,-64.81,152.3
6264.67,0.0,4.96,4.85,-52.08,137.98,145.9,-707.05,-43.31,140.68
6280.38,0.0,4.96,4.37,-48.77,137.98,136.67,-1393.05,-29.72,133.35
6296.13,0.0,4.96,4.1,-43.93,137.98,128.44,-1483.5,-24.56,130.56
6308.73,0.0,8.42,5.33,-26.56,118.27,114.78,-1667.46,-10.58,123.01
6321.34,0.0,3.58,4.48,-31.6,98.56,96.58,-1725.99,-7.76,121.49
6333.83,0.0,2.89,3.65,-35.86,78.85,77.28,-1762.82,-4.67,0.0
6346.08,0.0,-4.72,0.31,-64.12,59.14,57.72,-1762.94,-13.42,124.54
6358.56,0.0,-1.26,-0.77,-66.88,59.14,49.52,-1521.68,-16.85,126.4
6371.07,0.0,-1.26,-1.48,-65.65,39.42,35.76,-1590.23,-12.38,123.99
6383.58,0.0,-1.26,-1.93,-61.94,0.0,6.51,-2046.95,2.95,0.0
6395.71,0.0,-1.26,-2.16,-56.91,-19.71,-19.14,-2033.01,11.0,-123.24
6408.3,0.0,15.34,3.78,8.01,-39.42,-41.6,-1785.42,43.03,-140.54
6420.86,0.0,16.04,8.32,51.33,-39.42,-49.52,-749.03,49.97,-144.28
6435.47,0.0,16.04,11.61,76.16,-19.71,-36.43,787.57,35.89,-136.68
6448.13,0.0,40.95,22.94,177.24,0.0,-10.86,1763.85,63.21,-151.43
6460.72,0.0,16.73,22.09,147.16,19.71,16.28,2785.53,28.47,-132.68
6473.39,0.0,2.89,16.26,72.11,59.14,56.03,3317.05,-23.54,130.01
6485.92,0.0,0.12,10.94,11.39,98.56,98.17,3011.69,-57.51,148.35
6498.47,0.0,0.12,7.08,-27.67,118.27,125.53,1902.29,-66.03,152.96
6511.04,0.0,-1.26,3.81,-56.15,137.98,142.69,787.0,-67.27,153.63
6523.56,0.0,-4.72,0.25,-84.06,137.98,143.96,-397.56,-63.48,151.58
6536.1,0.0,3.58,0.79,-68.43,137.98,138.39,-1285.72,-42.13,140.05
6548.69,0.0,-0.57,-0.25,-70.23,137.98,131.51,-1579.59,-37.45,137.52
6561.3,0.0,3.58,0.59,-53.43,137.98,127.15,-1617.68,-28.48,132.68
6573.89,0.0,-5.42,-2.03,-72.42,137.98,125.18,-1444.52,-40.02,138.91
6586.51,0.0,-0.57,-2.08,-63.96,118.27,113.63,-1791.62,-28.57,132.73
6599.15,0.0,4.27,-0.27,-38.44,98.56,95.45,-2049.13,-8.69,121.99
6611.66,0.0,11.88,3.86,6.59,78.85,75.14,-2004.27,16.62,-126.27
6627.21,0.0,11.88,6.86,34.81,39.42,41.3,-1804.5,35.47,-136.45
6639.75,0.0,2.89,5.68,19.11,39.42,30.91,-942.15,18.03,-127.04
6652.18,0.0,-0.57,3.55,-4.02,39.42,31.12,-330.55,-1.95,0.0
6664.31,0.0,-8.88,-1.02,-48.13,59.14,46.0,223.83,-34.82,136.1
6676.75,0.0,-4.72,-2.75,-59.19,78.85,66.51,294.87,-46.66,142.49
6689.19,0.0,-4.72,-3.94,-63.6,78.85,75.29,-182.6,-44.28,141.21
6701.66,0.0,-4.72,-4.73,-63.56,59.14,64.83,-1037.63,-29.38,133.17
6714.18,0.0,-4.72,-5.23,-60.71,39.42,44.52,-1664.75,-14.11,124.92
6726.74,0.0,-0.57,-4.02,-41.39,19.71,21.31,-1929.12,4.24,0.0
6739.0,0.0,-0.57,-3.08,-27.31,0.0,-0.97,-1829.59,14.6,-125.19
6751.38,0.0,3.58,-0.86,-2.38,-19.71,-21.31,-1561.37,27.19,-131.98
6763.89,0.0,11.19,3.52,40.68,-19.71,-28.38,-806.72,37.93,-137.78
6776.42,0.0,0.12,2.6,26.74,0.0,-15.8,410.42,10.31,-122.87
6788.76,0.0,-7.49,-0.88,-10.4,19.71,7.22,1101.08,-23.1,129.77
6801.18,0.0,-8.88,-3.88,-38.45,59.14,43.44,1480.2,-51.16,144.93
6813.65,0.0,-4.72,-4.49,-39.76,59.14,60.27,732.7,-45.11,141.66
6826.11,0.0,-8.88,-6.41,-53.61,78.85,74.97,289.18,-49.01,143.77
6838.54,0.0,-8.88,-7.73,-60.03,78.85,78.73,-371.67,-43.53,140.81
6850.98,0.0,-8.88,-8.62,-61.45,78.85,76.9,-878.04,-36.67,137.1
6863.44,0.0,-5.42,-7.94,-47.29,78.85,73.56,-1143.94,-25.71,131.18
6875.92,0.0,-9.57,-8.91,-50.99,78.85,70.82,-1140.28,-27.23,132.01
6888.44,0.0,-1.26,-6.52,-21.48,59.14,58.07,-1466.05,-5.69,120.37
6900.92,0.0,-0.57,-4.52,0.67,39.42,39.57,-1549.96,10.46,-122.95
6913.38,0.0,-0.57,-3.07,14.7,39.42,31.56,-1060.11,11.74,-123.64
6925.88,0.0,-1.26,-2.3,20.49,39.42,30.76,-517.13,6.66,-120.89
6938.27,0.0,-9.57,-4.79,-6.33,59.14,44.86,203.37,-20.15,128.18
6950.65,0.0,-9.57,-6.59,-23.07,78.85,65.93,500.93,-37.84,137.73
6963.06,0.0,-8.88,-7.6,-30.22,78.85,76.1,109.03,-38.07,137.86
6975.48,0.0,-5.42,-7.04,-21.08,59.14,66.65,-739.99,-18.93,127.52
6987.96,0.0,-0.57,-4.85,2.91,39.42,46.81,-1324.24,5.93,-120.5
7000.36,0.0,-4.03,-4.53,5.68,39.42,35.72,-1080.13,6.38,-120.74
7012.76,0.0,0.12,-2.79,21.99,39.42,32.41,-683.82,9.0,-122.16
7025.15,0.0,-4.03,-3.07,16.57,59.14,44.69,76.04,-7.83,121.53
7037.45,0.0,-12.34,-6.32,-17.18,78.85,65.21,572.72,-36.19,136.84
7049.9,0.0,-17.18,-10.42,-55.1,98.56,87.8,554.73,-59.61,149.49
7062.42,0.0,-9.57,-10.55,-49.6,98.56,97.0,-192.17,-48.59,143.54
7074.89,0.0,-15.8,-12.86,-66.09,98.56,96.93,-782.78,-47.93,143.18
7087.43,0.0,-13.03,-13.45,-63.74,98.56,93.87,-1232.41,-39.89,138.84
7100.02,0.0,-15.8,-14.81,-69.26,78.85,78.64,-1772.52,-31.15,134.12
7112.64,0.0,-13.03,-14.72,-59.78,59.14,57.96,-2150.37,-16.45,126.18
7125.26,0.0,-13.03,-14.58,-51.08,39.42,35.9,-2221.56,-6.29,120.69
7137.82,0.0,-4.72,-11.39,-13.68,19.71,14.9,-2095.29,14.26,-125.0
7150.41,0.0,0.81,-7.04,30.4,-19.71,-16.33,-2048.15,42.04,-140.0
7162.9,0.0,-5.42,-6.21,34.84,-19.71,-28.82,-1071.95,32.88,-135.05
7175.4,0.0,-17.18,-9.94,-5.81,0.0,-17.33,142.32,-7.08,121.13
7187.64,0.0,-21.33,-14.15,-46.16,0.0,-6.39,329.83,-31.71,134.42
7200.03,0.0,-21.33,-17.13,-69.73,19.71,10.68,299.47,-47.05,142.7
7212.54,0.0,-21.33,-19.22,-81.59,0.0,5.92,-605.41,-38.49,138.08
7224.93,0.0,-13.03,-17.6,-55.92,-19.71,-12.27,-1455.15,-9.79,122.59
7237.46,0.0,-12.34,-16.12,-34.67,-19.71,-24.14,-1393.8,1.79,0.0
7249.82,0.0,-17.18,-16.78,-36.91,-39.42,-40.22,-1334.32,3.56,0.0
7262.19,0.0,-13.03,-15.7,-21.91,-59.14,-58.15,-1329.85,14.73,-125.25
7274.81,0.0,-17.18,-16.42,-26.2,-78.85,-77.24,-1197.47,15.3,-125.56
7287.44,0.0,-15.8,-16.4,-22.81,-78.85,-84.39,-741.48,11.61,-123.57
7300.03,0.0,-9.57,-14.09,2.55,-59.14,-73.33,45.29,8.81,-122.06
7312.41,0.0,-13.72,-13.93,3.75,-19.71,-41.49,1125.94,-14.77,125.28
7324.96,0.0,-9.57,-12.31,19.13,0.0,-11.23,1418.94,-19.44,127.8
7337.44,0.0,-5.42,-9.64,42.84,19.71,14.28,1393.56,-14.09,124.91
7349.89,0.0,-13.03,-10.54,28.87,19.71,24.61,985.63,-16.77,126.35
7362.38,0.0,-17.18,-12.74,3.92,19.71,26.77,445.18,-20.72,128.49
7374.84,0.0,-8.88,-11.3,17.5,19.71,24.88,-65.42,-6.15,120.62
7387.24,0.0,-4.72,-8.76,40.14,0.0,9.88,-584.93,16.23,-126.06
7399.52,0.0,-4.72,-6.97,52.75,0.0,1.11,-415.77,22.18,-129.28
7411.82,0.0,-4.03,-5.49,60.91,0.0,-1.64,-44.99,21.61,-128.97
7424.08,0.0,-1.26,-3.47,73.3,19.71,10.72,641.61,14.58,-125.18
7436.55,0.0,-0.57,-1.83,80.37,59.14,42.55,1572.69,-3.36,0.0
7448.81,0.0,-0.57,-0.75,81.34,78.85,71.87,1835.85,-13.49,124.58
7461.27,0.0,-11.64,-4.08,38.9,98.56,96.99,1721.28,-37.37,137.48
7473.8,0.0,-5.42,-4.26,32.41,118.27,118.39,1204.05,-37.68,137.65
7486.42,0.0,3.58,-1.14,58.89,98.56,112.93,49.58,-6.22,120.66
7498.82,0.0,3.58,1.05,73.1,98.56,104.71,-306.3,8.39,-121.83
7511.24,0.0,-5.42,-0.74,46.82,98.56,99.52,-234.9,-3.14,0.0
7523.41,0.0,-8.88,-3.35,15.79,98.56,97.78,-242.37,-16.84,126.39
7535.86,0.0,-5.42,-3.98,7.72,118.27,108.62,-45.74,-26.17,131.43
7548.3,0.0,-8.18,-5.45,-7.61,118.27,114.08,-216.43,-32.14,134.65
7560.8,0.0,-5.42,-5.5,-7.14,98.56,103.82,-887.91,-19.34,127.75
7573.26,0.0,-8.88,-6.79,-18.85,78.85,84.55,-1403.38,-12.38,123.99
7585.76,0.0,-8.88,-7.7,-25.45,59.14,62.37,-1715.4,-5.43,120.23
7598.23,0.0,-4.72,-6.82,-13.71,39.42,40.06,-1817.64,6.99,-121.08
7610.7,0.0,-8.88,-7.68,-20.44,0.0,7.13,-2037.24,15.22,-125.52
7623.06,0.0,-9.57,-8.53,-26.28,-19.71,-19.03,-1861.7,16.2,-126.05
7635.57,0.0,-4.03,-7.1,-9.09,-19.71,-28.98,-1230.87,17.1,-126.54
7648.07,0.0,-0.57,-4.79,14.55,0.0,-18.21,-193.19,9.92,-122.66
7660.39,0.0,-4.72,-4.65,14.13,19.71,3.17,670.6,-8.46,121.87
7672.74,0.0,-8.88,-6.08,-1.56,39.42,27.95,1063.18,-27.81,132.32
7685.17,0.0,-8.88,-7.12,-11.44,59.14,51.76,1010.74,-37.66,137.64
7697.66,0.0,-0.57,-4.82,12.38,59.14,61.29,401.5,-19.77,127.97
7710.13,0.0,-0.57,-3.17,26.95,39.42,50.45,-354.92,1.27,0.0
7722.33,0.0,2.89,-0.75,47.36,39.42,42.17,-459.3,14.76,-125.27
7734.77,0.0,2.89,0.95,58.21,39.42,38.21,-204.67,17.47,-126.73
7747.24,0.0,7.73,3.89,79.77,59.14,49.5,458.83,15.37,-125.6
7759.68,0.0,7.73,5.92,89.93,78.85,69.15,1096.32,6.38,-120.75
7772.13,0.0,7.04,7.04,89.92,98.56,92.09,1468.88,-4.16,0.0
7784.38,0.0,7.73,7.99,88.45,118.27,114.91,1561.59,-11.18,123.34
7797.01,0.0,11.88,10.12,98.34,157.7,148.23,1825.05,-18.01,127.03
7809.68,0.0,7.73,10.04,85.38,157.7,163.3,1328.1,-19.57,127.87
7822.32,0.0,7.73,9.88,73.31,157.7,166.88,651.98,-15.26,125.54
7834.88,0.0,2.89,7.91,45.1,137.98,153.21,-229.83,-11.28,123.39
7847.42,0.0,2.89,6.44,25.18,137.98,143.05,-607.93,-12.07,123.82
7859.98,0.0,11.19,8.37,41.0,118.27,125.31,-1084.18,7.2,-121.19
7872.57,0.0,7.73,8.47,36.87,118.27,115.55,-865.09,4.76,0.0
7884.86,0.0,3.58,6.97,17.84,118.27,112.79,-559.26,-7.79,121.51
7897.33,0.0,-4.72,2.84,-24.62,98.56,101.54,-797.08,-21.29,128.8
7909.8,0.0,-8.88,-1.63,-65.27,98.56,95.7,-961.19,-36.76,137.15
7922.23,0.0,-8.88,-4.79,-88.19,98.56,92.48,-1192.6,-43.86,140.99
7934.74,0.0,0.81,-3.45,-64.28,78.85,78.32,-1769.42,-21.16,128.73
7947.28,0.0,3.58,-1.39,-36.37,59.14,57.9,-2005.12,0.08,0.0
7959.54,0.0,-1.26,-1.63,-34.32,39.42,36.92,-1893.61,4.3,0.0
7971.8,0.0,-4.72,-3.03,-43.86,19.71,17.25,-1727.12,1.93,0.0
7984.04,0.0,-3.34,-3.48,-43.06,19.71,10.03,-1273.57,-3.07,0.0
7996.26,0.0,-13.03,-7.3,-75.2,0.0,-2.27,-1214.12,-16.41,126.16
8008.66,0.0,-8.88,-8.47,-77.49,0.0,-7.11,-1122.65,-18.31,127.19
8021.05,0.0,-0.57,-6.2,-45.93,0.0,-8.62,-989.8,-5.71,120.38
8033.33,0.0,-4.72,-6.02,-38.68,-19.71,-20.15,-1047.06,1.06,0.0
8045.59,0.0,-5.42,-6.1,-34.86,-19.71,-25.16,-792.35,-0.04,0.0
8057.8,0.0,-8.88,-7.38,-43.24,-19.71,-25.92,-518.89,-8.2,121.73
8070.21,0.0,-13.72,-10.04,-63.91,-19.71,-24.9,-401.08,-20.35,128.29
8082.77,0.0,-8.88,-10.12,-56.91,-19.71,-23.91,-495.31,-16.44,126.18
8095.29,0.0,-17.18,-13.15,-79.52,-19.71,-23.98,-531.96,-27.04,131.9
8107.83,0.0,-13.03,-13.74,-75.52,-39.42,-35.82,-1061.75,-14.94,125.37
8120.46,0.0,-17.18,-15.6,-84.38,-59.14,-55.07,-1447.54,-9.19,122.26
8133.05,0.0,-8.88,-13.82,-56.63,-78.85,-76.57,-1674.66,11.94,-123.75
8145.62,0.0,-13.03,-13.98,-51.27,-98.56,-98.18,-1527.37,17.16,-126.57
8158.27,0.0,-4.72,-11.01,-15.97,-98.56,-106.33,-947.01,26.69,-131.71
8170.86,0.0,-4.72,-8.84,7.15,-98.56,-106.64,-222.92,26.67,-131.7
8183.35,0.0,-4.03,-7.03,23.98,-78.85,-91.4,695.41,17.09,-126.53
8195.83,0.0,-4.72,-6.0,31.13,-39.42,-57.19,1712.97,-3.14,0.0
8208.1,0.0,-5.42,-5.54,31.84,-19.71,-26.47,1969.18,-14.06,124.89
8220.58,0.0,-13.03,-8.03,3.76,0.0,-0.77,1811.27,-31.09,134.09
8232.89,0.0,-17.18,-11.34,-29.03,19.71,20.45,1360.3,-45.07,141.64
8245.44,0.0,-17.87,-13.96,-51.01,19.71,27.02,419.38,-43.22,140.64
8257.96,0.0,-9.57,-12.76,-33.1,19.71,24.87,-399.98,-22.39,129.39
8270.48,0.0,-5.42,-10.34,-5.46,0.0,8.15,-1066.21,4.53,0.0
8282.57,0.0,-5.42,-8.58,12.32,0.0,-1.95,-920.37,13.21,-124.43
8294.85,0.0,-17.18,-11.63,-18.85,-19.71,-17.06,-860.11,1.49,0.0
8307.13,0.0,-13.72,-12.54,-25.48,-19.71,-22.96,-696.76,-2.78,0.0
8319.44,0.0,-11.64,-12.41,-21.18,-19.71,-24.56,-519.91,-3.22,0.0
8331.76,0.0,-15.8,-13.81,-32.31,-19.71,-24.33,-359.34,-11.12,123.31
8344.32,0.0,-13.03,-13.78,-28.07,-19.71,-23.46,-346.61,-9.81,122.6
8356.82,0.0,-9.57,-12.47,-11.79,-19.71,-23.03,-334.32,-2.67,0.0
8369.12,0.0,-5.42,-9.98,13.85,-39.42,-34.38,-592.86,16.04,-125.96
8381.58,0.0,-8.88,-9.47,17.18,-39.42,-40.39,-331.69,15.31,-125.57
8394.06,0.0,-4.72,-7.6,33.32,-39.42,-41.52,-30.34,18.84,-127.48
8406.52,0.0,-0.57,-4.77,56.89,0.0,-17.19,985.52,8.93,-122.12
8418.84,0.0,-5.42,-4.56,52.09,19.71,9.55,1554.5,-8.06,121.65
8431.24,0.0,-5.42,-4.46,46.74,59.14,46.69,1994.57,-26.02,131.35
8443.68,0.0,-8.88,-5.71,28.95,59.14,64.22,1416.24,-29.71,133.35
8456.14,0.0,-8.88,-6.64,16.37,78.85,80.09,956.81,-32.47,134.83
8468.58,0.0,-5.42,-6.06,19.98,78.85,84.24,277.35,-21.47,128.89
8481.02,0.0,3.58,-2.38,53.45,78.85,82.48,-174.85,1.71,0.0
8493.2,0.0,-1.26,-1.56,55.11,78.85,79.46,-179.16,3.77,0.0
8505.38,0.0,-3.34,-1.79,46.38,78.85,78.2,-100.52,-0.74,0.0
8517.56,0.0,-1.26,-1.24,46.22,78.85,78.08,-76.56,-0.75,0.0
8529.7,0.0,-1.26,-0.89,44.12,78.85,78.15,-55.79,-1.68,0.0
8541.84,0.0,-0.57,-0.43,43.34,78.85,78.28,-53.18,-1.74,0.0
8553.99,0.0,2.89,1.11,53.3,78.85,78.35,-54.39,3.33,0.0
8566.12,0.0,-0.57,0.91,44.99,78.85,78.37,10.66,-1.12,0.0
8578.22,0.0,-1.26,0.46,35.31,78.85,78.71,2.07,-5.26,120.14
8590.49,0.0,-0.57,0.36,30.09,78.85,78.8,-66.4,-6.42,120.77
8602.81,0.0,3.58,1.77,40.24,78.85,78.49,-137.18,-0.23,0.0
8614.99,0.0,3.58,2.74,44.95,78.85,78.02,-103.53,1.95,0.0
8627.16,0.0,-1.26,1.63,28.72,98.56,89.61,317.4,-14.54,125.15
8639.58,0.0,-0.57,1.05,19.62,98.56,96.51,210.58,-18.7,127.4
8651.99,0.0,-0.57,0.61,12.97,98.56,98.79,-53.3,-18.28,127.17
8664.36,0.0,-5.42,-1.49,-9.08,98.56,98.38,-292.8,-24.88,130.73
8676.77,0.0,-0.57,-1.23,-5.42,78.85,85.37,-918.42,-10.59,123.02
8689.16,0.0,-8.88,-4.06,-32.44,59.14,65.23,-1331.08,-12.16,123.87
8701.62,0.0,-13.03,-7.59,-62.95,59.14,54.83,-1306.68,-24.6,130.59
8714.19,0.0,-5.42,-7.3,-52.37,19.71,27.38,-1983.48,-3.15,0.0
8726.46,0.0,-9.57,-8.54,-58.16,0.0,1.25,-2081.06,1.66,0.0
8738.56,0.0,-4.72,-7.59,-42.07,-19.71,-21.45,-1982.52,12.96,-124.3
8751.1,0.0,-1.26,-5.62,-17.65,-39.42,-42.25,-1680.39,24.78,-130.68
8763.66,0.0,-0.57,-3.91,1.11,-39.42,-49.24,-906.87,23.62,-130.05
8776.08,0.0,-4.72,-4.2,-1.83,-39.42,-48.08,-203.96,11.41,-123.46
8788.49,0.0,-4.72,-4.41,-3.61,-39.42,-44.01,153.34,4.17,0.0
8800.69,0.0,-0.57,-3.04,10.21,0.0,-17.29,972.58,-8.31,121.79
8812.98,0.0,-0.57,-2.06,18.53,0.0,-2.19,957.68,-7.84,121.54
8825.22,0.0,-4.72,-2.89,8.22,19.71,15.53,1037.17,-18.18,127.11
8837.66,0.0,-4.72,-3.49,1.3,19.71,23.29,631.9,-17.23,126.6
8850.03,0.0,-9.57,-5.7,-20.4,0.0,12.77,-164.65,-12.87,124.25
8862.34,0.0,-8.88,-7.02,-30.82,0.0,4.41,-532.46,-10.36,122.89
8874.63,0.0,-8.88,-7.94,-36.08,-19.71,-12.5,-990.06,-2.02,0.0
8886.83,0.0,-9.57,-8.81,-40.32,-39.42,-33.33,-1285.98,5.32,-120.17
8899.31,0.0,-5.42,-7.89,-26.43,-39.42,-43.51,-1032.94,10.28,-122.85
8911.84,0.0,-4.72,-6.95,-13.96,-39.42,-46.41,-583.46,9.91,-122.65
8924.32,0.0,-0.57,-4.73,9.37,-19.71,-33.66,167.3,6.34,-120.72
8936.72,0.0,-0.57,-3.14,23.76,0.0,-12.96,825.48,-1.83,0.0
8948.84,0.0,-5.42,-3.79,14.62,39.42,22.03,1569.04,-25.85,131.26
8961.3,0.0,-12.34,-6.79,-16.5,59.14,51.93,1534.9,-47.36,142.88
8973.81,0.0,-9.57,-7.94,-25.65,59.14,64.06,669.23,-41.87,139.91
8986.25,0.0,-5.42,-7.22,-15.53,59.14,64.57,-140.35,-25.3,130.96
8998.72,0.0,-0.57,-4.92,8.85,39.42,49.03,-909.26,1.48,0.0
9010.88,0.0,2.89,-2.0,36.26,39.42,38.83,-863.16,16.35,-126.13
9023.34,0.0,7.04,1.59,66.85,39.42,34.77,-435.01,25.69,-131.17
9035.77,0.0,7.73,4.36,85.78,39.42,35.29,96.62,27.09,-131.93
9048.18,0.0,3.58,4.75,79.2,59.14,49.84,874.39,9.43,-122.39
9060.58,0.0,4.96,5.45,76.46,98.56,83.02,1688.41,-11.68,123.61
9073.04,0.0,-0.57,3.86,51.6,118.27,112.44,1786.8,-31.57,134.35
9085.61,0.0,-1.26,2.4,31.04,137.98,136.72,1408.94,-41.22,139.56
9098.18,0.0,-8.88,-1.47,-10.52,157.7,156.35,901.81,-57.86,148.54
9110.73,0.0,-1.26,-1.48,-9.31,157.7,161.79,-72.94,-44.12,141.12
9123.18,0.0,-7.49,-3.75,-30.32,157.7,159.0,-731.07,-43.54,140.81
9135.75,0.0,-3.34,-3.84,-27.51,137.98,142.84,-1543.67,-26.25,131.47
9148.36,0.0,-9.57,-6.15,-46.68,118.27,120.36,-1997.97,-23.1,129.77
9160.99,0.0,-8.88,-7.52,-54.28,98.56,97.15,-2254.76,-17.44,126.72
9173.52,0.0,-4.72,-6.93,-41.89,78.85,74.77,-2313.53,-5.6,120.32
9185.99,0.0,-4.72,-6.46,-32.16,59.14,53.71,-2150.29,1.44,0.0
9198.28,0.0,0.12,-4.31,-7.32,19.71,22.82,-2268.02,22.37,-129.38
9210.74,0.0,-0.57,-3.0,6.31,0.0,-2.23,-1865.06,28.96,-132.94
9223.02,0.0,-4.72,-3.58,-0.11,-19.71,-21.94,-1377.91,23.6,-130.05
9235.45,0.0,-13.03,-7.03,-33.76,-19.71,-27.65,-706.57,-0.92,0.0
9247.72,0.0,-4.72,-6.45,-24.06,-19.71,-26.53,-417.89,-1.24,0.0
9259.94,0.0,-4.03,-5.76,-14.39,-19.71,-24.61,-218.43,-0.36,0.0
9272.18,0.0,-5.42,-5.74,-12.56,-39.42,-34.44,-443.28,6.21,-120.66
9284.6,0.0,-12.34,-8.25,-35.5,-39.42,-39.64,-349.55,-4.82,0.0
9296.88,0.0,-8.88,-8.76,-36.17,-39.42,-41.27,-332.66,-5.29,120.16
9309.31,0.0,-5.42,-7.82,-22.67,-39.42,-41.88,-296.14,0.37,0.0
9321.56,0.0,-1.26,-5.6,1.68,-39.42,-41.92,-181.0,9.94,-122.67
9333.94,0.0,-0.57,-3.75,19.53,-39.42,-41.37,39.43,14.94,-125.37
9346.36,0.0,-5.42,-4.21,12.74,-19.71,-28.4,625.69,-0.14,0.0
9358.58,0.0,-1.26,-3.03,22.67,0.0,-8.51,999.84,-5.93,120.5
9370.85,0.0,-0.57,-1.96,30.44,19.71,13.16,1209.54,-10.63,123.04
9383.32,0.0,-4.72,-2.73,19.23,19.71,23.21,910.1,-13.67,124.68
9395.78,0.0,-0.57,-1.79,26.06,0.0,14.18,97.71,4.16,0.0
9407.81,0.0,3.58,0.37,44.07,0.0,6.3,-125.8,18.2,-127.13
9420.08,0.0,3.58,1.89,53.57,-19.71,-9.67,-325.1,30.04,-133.52
9432.45,0.0,3.58,2.92,57.25,-19.71,-17.24,-27.79,29.67,-133.32
9444.87,0.0,3.58,3.62,57.04,0.0,-7.22,693.93,16.74,-126.34
9457.16,0.0,-0.57,2.53,39.62,19.71,12.16,1252.3,-4.21,0.0
9469.41,0.0,3.58,3.22,41.63,39.42,34.53,1412.04,-10.91,123.19
9481.88,0.0,-4.03,0.9,13.93,59.14,56.26,1390.17,-28.72,132.81
9494.31,0.0,-4.72,-1.04,-6.74,59.14,65.05,738.77,-30.77,133.92
9506.66,0.0,-9.57,-4.21,-36.82,59.14,65.31,50.82,-34.76,136.07
9519.04,0.0,-8.88,-6.2,-51.82,59.14,61.93,-542.6,-32.41,134.8
9531.48,0.0,-8.88,-7.59,-59.05,39.42,45.89,-1269.08,-21.37,128.84
9543.98,0.0,-8.88,-8.53,-61.01,19.71,23.95,-1747.92,-10.14,122.78
9556.5,0.0,-4.72,-7.62,-44.74,0.0,0.84,-1924.05,5.42,-120.23
9568.81,0.0,-4.03,-6.66,-29.98,-19.71,-21.0,-1794.33,15.51,-125.67
9581.3,0.0,-9.57,-7.96,-39.0,-19.71,-29.44,-1153.26,3.48,0.0
9593.6,0.0,-0.57,-5.57,-10.97,0.0,-17.9,-316.0,0.93,0.0
9605.7,0.0,-4.72,-5.34,-7.49,0.0,-8.91,89.89,-5.86,120.46
9617.86,0.0,-5.42,-5.43,-7.43,-19.71,-14.83,-203.47,-0.01,0.0
9630.02,0.0,-0.57,-3.71,10.2,-19.71,-18.72,-247.19,9.87,-122.63
9642.45,0.0,-4.72,-4.0,6.14,-39.42,-32.19,-432.43,14.19,-124.96
9654.85,0.0,-8.18,-5.48,-9.04,-39.42,-38.66,-273.97,6.32,-120.71
9667.23,0.0,-9.57,-7.05,-23.21,-19.71,-28.88,216.24,-10.24,122.83
9679.69,0.0,-8.88,-7.9,-28.7,0.0,-10.74,551.1,-22.59,129.5
9692.05,0.0,-4.72,-6.96,-16.13,19.71,10.01,674.26,-23.94,130.23
9704.51,0.0,0.81,-4.25,12.29,19.71,19.18,371.81,-8.43,121.85
9716.93,0.0,2.89,-1.55,37.18,0.0,9.76,-173.83,13.96,-124.84
9729.23,0.0,11.88,3.65,83.41,0.0,3.13,-124.35,37.0,-137.28
9741.59,0.0,7.73,5.79,94.29,19.71,12.28,703.95,28.14,-132.5
9754.04,0.0,7.04,6.99,94.54,39.42,31.88,1420.18,13.44,-124.56
9766.54,0.0,11.88,9.53,107.75,59.14,55.23,1776.04,9.32,-122.33
9779.09,0.0,3.58,8.21,81.73,98.56,89.93,2285.05,-18.32,127.19
9791.56,0.0,-5.42,3.88,29.53,118.27,118.33,2032.93,-45.55,141.89
9804.13,0.0,-3.34,1.48,2.47,137.98,140.41,1299.59,-52.57,145.69
9816.66,0.0,-8.88,-2.28,-34.55,137.98,145.66,240.91,-55.45,147.24
9829.21,0.0,3.58,-0.42,-12.12,118.27,130.75,-1071.22,-21.76,129.05
9841.84,0.0,16.04,5.49,47.05,118.27,117.84,-1352.65,13.5,-124.59
9857.66,0.0,16.04,9.82,81.96,98.56,97.69,-1081.04,31.45,-134.28
9873.46,0.0,16.04,12.91,99.5,98.56,91.2,-212.83,29.23,-133.08
9889.16,0.0,16.04,15.04,105.07,118.27,105.79,840.13,13.51,-124.6
9905.06,0.0,16.04,16.47,102.66,137.98,130.25,1416.25,-1.22,0.0
9920.77,0.0,16.04,17.33,95.38,177.41,167.19,1846.59,-19.21,127.67
9936.68,0.0,16.04,17.82,85.35,197.12,196.89,1522.31,-25.44,131.04
9949.38,0.0,11.88,16.34,60.33,197.12,204.96,822.81,-28.01,132.43
9962.02,0.0,8.42,13.93,29.4,197.12,204.6,105.35,-31.22,134.16
9974.58,0.0,-1.26,8.62,-26.07,197.12,200.73,-483.06,-47.33,142.86
9987.1,0.0,-4.03,3.79,-69.98,197.12,196.12,-1086.87,-58.07,148.66
9999.72,0.0,-0.57,1.64,-82.38,177.41,179.46,-1978.46,-47.0,142.68
10012.36,0.0,-4.72,-1.35,-101.34,137.98,144.74,-2926.32,-33.77,135.53
