time_in_ms,ref_offset,raw_offset,offset,offset_vel,raw_rotation,rotation,rotation_vel,pwm_model,pwm_real
2999.06,0.0,-208.0,-18.91,0.0,0.0,0.0,0.0,-13.24,124.45
3039.98,0.0,-208.0,-49.6,-38.01,0.0,0.0,-592.23,-41.05,139.46
3052.38,0.0,11.19,-36.94,-5.26,-19.71,-12.57,-1332.18,-4.84,0.0
3064.74,0.0,11.88,-24.72,40.47,-19.71,-24.03,-1232.46,23.38,-129.93
3077.42,0.0,16.04,-13.01,94.98,-19.71,-28.16,-548.77,44.16,-141.14
3090.06,0.0,16.04,-3.52,143.96,0.0,-14.55,691.2,48.39,-143.43
3102.56,0.0,11.19,2.33,171.41,19.71,9.13,1812.4,40.72,-139.29
3115.17,0.0,11.19,6.67,187.8,59.14,47.95,2862.8,24.86,-130.72
3127.78,0.0,7.73,8.6,184.26,78.85,80.98,3111.65,12.8,-124.21
3140.34,0.0,3.58,8.4,162.79,118.27,119.02,3254.71,-7.58,121.39
3152.95,0.0,2.89,7.82,139.37,177.41,170.28,3464.64,-33.32,135.29
3165.61,0.0,-1.26,5.75,104.39,216.83,215.73,3052.11,-53.93,146.42
3178.28,0.0,3.58,5.83,92.78,236.54,243.86,1982.25,-49.51,144.03
3190.84,0.0,-4.72,2.79,53.03,236.54,249.77,718.0,-50.05,144.33
3203.38,0.0,7.04,4.75,65.37,236.54,245.66,-370.67,-26.39,131.55
3215.91,0.0,-0.57,3.34,44.0,236.54,238.38,-813.3,-27.45,132.12
3228.45,0.0,-1.26,2.02,25.91,216.83,221.49,-1395.33,-22.66,129.54
3241.09,0.0,17.42,7.83,79.0,216.83,211.51,-1473.34,6.31,-120.71
3253.75,0.0,11.88,9.94,89.8,177.41,183.75,-1665.95,21.93,-129.14
3266.36,0.0,-8.88,3.8,19.08,177.41,171.39,-1097.7,-16.09,125.99
3278.94,0.0,0.81,2.86,7.6,177.41,169.27,-959.71,-22.88,129.65
3291.46,0.0,7.73,4.7,24.56,197.12,180.76,-550.62,-23.81,130.16
3304.0,0.0,-0.57,2.97,4.71,197.12,187.57,-455.54,-36.1,136.79
3316.49,0.0,0.12,1.97,-5.65,177.41,179.24,-1029.75,-30.25,133.63
3329.05,0.0,-4.03,-0.27,-26.77,157.7,161.23,-1601.13,-27.19,131.98
3341.66,0.0,0.81,-0.09,-21.72,137.98,139.24,-2031.33,-13.09,124.37
3354.29,0.0,3.58,1.08,-7.68,118.27,116.35,-2127.1,0.5,0.0
3366.58,0.0,-13.03,-4.13,-57.59,78.85,83.51,-2326.19,-11.92,123.73
3379.13,0.0,-0.57,-3.29,-42.33,59.14,57.15,-2402.18,2.51,0.0
3391.39,0.0,-13.03,-7.18,-75.17,39.42,34.61,-2156.16,-11.4,123.46
3403.94,0.0,-8.88,-8.4,-77.86,19.71,14.73,-2092.47,-9.32,122.33
3416.41,0.0,-8.88,-9.19,-76.11,0.0,-4.67,-2013.41,-5.51,120.27
3428.71,0.0,-25.48,-15.73,-130.84,-19.71,-23.7,-1911.33,-28.75,132.83
3441.37,0.0,-17.18,-17.31,-130.09,-59.14,-54.52,-2512.92,-12.83,124.23
3454.08,0.0,-5.42,-14.02,-81.81,-78.85,-81.98,-2553.16,16.26,-126.08
3466.68,0.0,-8.88,-12.8,-59.81,-118.27,-116.58,-2404.0,32.32,-134.75
3479.34,0.0,-19.95,-15.89,-82.6,-137.98,-141.68,-1793.33,18.16,-127.11
3492.05,0.0,-17.87,-17.28,-85.93,-137.98,-148.86,-1060.87,6.66,-120.9
3504.72,0.0,-19.95,-18.95,-91.56,-118.27,-136.34,-170.88,-13.24,124.45
3517.36,0.0,-29.64,-23.58,-125.54,-98.56,-114.95,369.89,-43.53,140.81
3529.99,0.0,-30.33,-27.05,-143.92,-78.85,-91.74,338.08,-58.64,148.97
3542.53,0.0,-30.33,-29.4,-149.15,-78.85,-82.4,-309.29,-55.0,147.0
3555.13,0.0,-25.48,-29.16,-128.52,-98.56,-93.53,-1288.89,-29.11,133.02
3567.79,0.0,-22.02,-27.59,-97.3,-118.27,-114.82,-1844.48,-1.86,0.0
3580.23,0.0,-26.18,-27.84,-87.96,-137.98,-137.89,-1873.8,7.91,-121.57
3592.91,0.0,-21.33,-26.17,-60.8,-157.7,-159.32,-1692.66,22.58,-129.49
3605.64,0.0,-17.18,-23.38,-26.0,-157.7,-167.2,-958.52,29.41,-133.18
3618.3,0.0,-28.25,-25.37,-42.2,-137.98,-154.95,197.67,1.14,0.0
3630.66,0.0,-33.79,-28.77,-70.34,-118.27,-132.32,833.35,-27.7,132.26
3643.28,0.0,-33.1,-30.92,-82.58,-98.56,-108.1,872.7,-40.74,139.3
3655.85,0.0,-29.64,-31.11,-74.32,-98.56,-97.97,286.57,-31.31,134.21
3668.39,0.0,-33.79,-32.68,-80.55,-118.27,-108.47,-575.44,-19.35,127.75
3681.03,0.0,-29.64,-32.21,-66.08,-137.98,-128.86,-1245.82,1.92,0.0
3693.46,0.0,-34.48,-33.56,-71.23,-157.7,-152.21,-1461.77,7.99,-121.62
3706.09,0.0,-33.79,-34.22,-68.83,-157.7,-163.02,-1116.14,6.01,-120.55
3718.74,0.0,-34.48,-34.87,-66.67,-137.98,-154.05,-323.52,-7.71,121.46
3731.34,0.0,-30.33,-33.74,-47.51,-118.27,-134.63,292.43,-13.35,124.51
3743.97,0.0,-29.64,-32.62,-30.75,-118.27,-123.47,337.41,-9.33,122.34
3756.56,0.0,-26.18,-30.52,-6.39,-118.27,-118.66,226.2,2.35,0.0
3768.88,0.0,-30.33,-30.5,-5.45,-137.98,-128.91,-142.7,10.84,-123.15
3781.45,0.0,-25.48,-28.71,12.65,-137.98,-135.0,-125.72,20.6,-128.42
3794.06,0.0,-33.79,-30.46,-6.01,-137.98,-137.41,132.81,8.63,-121.96
3806.58,0.0,-33.1,-31.47,-15.13,-118.27,-125.44,567.6,-5.24,120.13
3819.16,0.0,-32.4,-31.93,-17.77,-118.27,-118.29,496.25,-7.33,121.26
3831.75,0.0,-26.18,-29.97,3.54,-98.56,-104.09,639.48,-3.13,0.0
3844.04,0.0,-22.02,-27.04,31.71,-98.56,-97.6,555.14,9.83,-122.61
3856.51,0.0,-21.33,-24.71,50.65,-98.56,-95.33,546.37,18.6,-127.34
3869.03,0.0,-19.95,-22.57,65.34,-98.56,-94.43,618.5,24.67,-130.62
3881.58,0.0,-17.87,-20.33,79.14,-78.85,-82.05,1098.6,21.46,-128.89
3894.17,0.0,-26.18,-21.83,54.76,-39.42,-51.24,1915.76,-9.3,122.32
3906.7,0.0,-25.48,-22.73,39.31,-19.71,-22.8,1924.58,-23.36,129.91
3919.28,0.0,-30.33,-25.19,10.48,0.0,0.57,1578.22,-37.26,137.42
3931.67,0.0,-25.48,-25.22,8.97,0.0,8.26,708.67,-26.76,131.75
3943.98,0.0,-13.03,-20.7,52.01,0.0,6.97,40.73,3.96,0.0
3956.01,0.0,-13.03,-17.5,77.1,0.0,3.06,-42.31,18.46,-127.27
3968.29,0.0,-22.02,-18.55,57.59,0.0,1.04,159.46,7.4,-121.3
3980.59,0.0,-20.64,-18.86,47.62,19.71,12.86,561.66,-5.79,120.43
3993.02,0.0,-25.48,-20.91,21.92,39.42,31.39,837.7,-26.28,131.49
4005.5,0.0,-25.48,-22.4,4.63,39.42,40.41,435.68,-30.47,133.75
4017.94,0.0,-22.02,-22.23,5.78,39.42,42.05,-94.85,-22.34,129.36
4030.34,0.0,-22.02,-22.11,6.26,19.71,28.4,-781.18,-8.36,121.81
4042.75,0.0,-25.48,-23.29,-6.05,0.0,7.67,-1233.41,-2.14,0.0
4054.86,0.0,-24.1,-23.63,-8.67,-19.71,-14.61,-1487.21,5.95,-120.51
4067.34,0.0,-25.48,-24.38,-14.87,-19.71,-25.23,-1162.25,0.73,0.0
4079.67,0.0,-26.18,-25.15,-20.63,-19.71,-27.86,-792.81,-7.0,121.08
4092.14,0.0,-26.18,-25.69,-23.36,-19.71,-27.11,-561.53,-12.13,123.85
4104.72,0.0,-21.33,-24.29,-6.79,-39.42,-37.27,-823.38,1.95,0.0
4116.95,0.0,-21.33,-23.26,4.02,-39.42,-42.67,-653.78,5.8,-120.43
4129.37,0.0,-25.48,-24.04,-4.09,-39.42,-44.09,-369.07,-1.9,0.0
4141.59,0.0,-21.33,-23.08,5.74,-19.71,-31.57,128.89,-7.9,121.57
4154.01,0.0,-21.33,-22.4,11.72,-19.71,-23.92,207.39,-8.12,121.69
4166.46,0.0,-21.33,-21.92,15.0,-19.71,-20.38,126.24,-6.14,120.62
4178.91,0.0,-26.18,-23.35,-0.84,-39.42,-30.96,-330.84,-3.98,0.0
4191.14,0.0,-25.48,-24.14,-8.4,-59.14,-49.24,-821.2,4.37,0.0
4203.39,0.0,-26.18,-24.95,-15.29,-78.85,-70.82,-1116.96,10.88,-123.17
4215.97,0.0,-21.33,-23.75,-1.72,-78.85,-81.32,-857.99,15.89,-125.88
4228.49,0.0,-17.18,-21.36,21.76,-78.85,-84.27,-401.07,20.83,-128.55
4241.04,0.0,-22.02,-21.43,18.43,-59.14,-71.52,431.46,3.78,0.0
4253.32,0.0,-20.64,-21.0,20.45,-39.42,-50.42,967.67,-8.43,121.85
4265.8,0.0,-21.33,-20.96,18.35,-19.71,-27.36,1190.32,-18.35,127.21
4278.39,0.0,-17.18,-19.43,30.99,-19.71,-16.7,804.74,-9.1,122.22
4290.85,0.0,-26.18,-21.65,5.59,-19.71,-14.36,444.4,-16.0,125.94
4303.32,0.0,-22.02,-21.74,4.0,-19.71,-15.24,29.06,-10.24,122.83
4315.73,0.0,-25.48,-23.08,-9.51,-39.42,-29.35,-554.61,-4.3,0.0
4327.94,0.0,-26.18,-24.28,-20.13,-39.42,-38.07,-671.77,-5.46,120.25
4340.4,0.0,-25.48,-24.88,-23.52,-39.42,-42.3,-618.98,-6.96,121.06
4352.88,0.0,-25.48,-25.29,-24.62,-39.42,-43.77,-521.89,-8.78,122.04
4365.36,0.0,-21.33,-24.04,-9.44,-39.42,-43.88,-444.85,-2.96,0.0
4377.62,0.0,-17.18,-21.61,15.41,-39.42,-43.49,-304.92,6.49,-120.8
4390.11,0.0,-17.18,-19.87,30.5,-39.42,-42.66,-73.63,10.06,-122.73
4402.62,0.0,-17.87,-18.9,36.25,-19.71,-29.51,496.43,1.2,0.0
4414.93,0.0,-17.18,-17.99,40.78,0.0,-9.6,936.48,-7.93,121.58
4427.23,0.0,-22.02,-19.14,24.6,0.0,0.79,795.21,-15.68,125.77
4439.58,0.0,-17.87,-18.49,28.05,19.71,15.98,748.24,-16.94,126.45
4452.08,0.0,-20.64,-19.05,19.12,0.0,10.39,58.04,-9.15,122.24
4464.34,0.0,-19.95,-19.23,15.09,0.0,4.56,-265.9,-4.58,0.0
4476.42,0.0,-21.33,-19.88,6.95,0.0,0.55,-350.7,-6.02,120.55
4488.66,0.0,-22.02,-20.61,-0.99,0.0,-1.54,-363.44,-8.99,122.15
4500.93,0.0,-13.72,-18.1,23.6,0.0,-2.46,-375.4,3.01,0.0
4513.07,0.0,-7.49,-14.05,60.38,0.0,-2.88,-208.21,18.16,-127.11
4525.41,0.0,-12.34,-12.95,63.82,-19.71,-13.86,-221.56,23.25,-129.86
4537.96,0.0,-13.72,-12.72,58.21,-19.71,-18.45,41.61,18.37,-127.22
4550.46,0.0,-21.33,-15.41,24.94,0.0,-7.36,617.5,-8.23,121.74
4562.78,0.0,-21.33,-17.38,2.72,19.71,11.73,859.18,-26.89,131.82
4575.26,0.0,-17.87,-17.54,0.83,39.42,32.46,799.99,-32.06,134.61
4587.71,0.0,-13.03,-15.88,16.85,39.42,40.65,309.33,-19.18,127.66
4600.21,0.0,-17.87,-16.48,9.01,39.42,41.52,-45.25,-17.63,126.82
4612.64,0.0,-13.03,-15.15,20.89,39.42,40.05,-312.58,-7.57,121.39
4625.09,0.0,-17.18,-15.72,12.71,39.42,38.08,-356.47,-10.1,122.75
4637.58,0.0,-25.48,-19.19,-22.63,39.42,37.05,-389.37,-25.91,131.29
4650.08,0.0,-30.33,-23.44,-61.32,19.71,24.83,-969.32,-32.6,134.9
4662.58,0.0,-28.25,-25.68,-75.75,0.0,5.21,-1645.25,-24.9,130.75
4675.0,0.0,-29.64,-27.72,-86.49,-19.71,-17.87,-2064.81,-18.56,127.32
4687.59,0.0,-20.64,-25.83,-57.37,-39.42,-41.25,-2239.89,2.88,0.0
4699.96,0.0,-17.18,-23.12,-24.03,-59.14,-63.16,-2023.13,20.34,-128.28
4712.57,0.0,-19.95,-22.15,-11.65,-78.85,-82.88,-1564.53,24.02,-130.27
4725.18,0.0,-25.48,-23.46,-22.99,-98.56,-100.23,-1159.67,16.83,-126.39
4737.81,0.0,-33.79,-27.42,-58.75,-98.56,-105.25,-631.83,-6.9,121.03
4750.33,0.0,-30.33,-28.95,-66.49,-98.56,-104.55,-461.71,-13.8,124.75
4762.92,0.0,-33.79,-31.25,-80.76,-118.27,-115.03,-794.88,-13.5,124.59
4775.53,0.0,-33.79,-32.82,-86.18,-118.27,-121.05,-858.13,-14.31,125.03
4788.16,0.0,-34.48,-34.12,-88.22,-137.98,-135.48,-1166.15,-7.81,121.52
4800.82,0.0,-33.79,-34.71,-83.06,-157.7,-154.64,-1409.16,2.28,0.0
4813.24,0.0,-33.79,-35.03,-76.11,-157.7,-163.62,-1116.5,2.69,0.0
4825.66,0.0,-34.48,-35.43,-70.8,-177.41,-177.44,-1078.38,7.42,-121.31
4838.29,0.0,-37.94,-36.91,-76.57,-177.41,-183.01,-728.59,0.22,0.0
4850.66,0.0,-34.48,-36.63,-64.53,-177.41,-183.4,-460.89,1.32,0.0
4863.04,0.0,-33.79,-36.1,-51.57,-177.41,-182.21,-231.09,3.12,0.0
4875.39,0.0,-36.56,-36.67,-50.94,-177.41,-180.55,-50.21,-0.15,0.0
4887.71,0.0,-34.48,-36.27,-40.91,-177.41,-178.95,15.83,2.75,0.0
4900.03,0.0,-30.33,-34.42,-17.95,-177.41,-177.96,77.28,12.06,-123.81
4912.58,0.0,-30.33,-33.07,-2.57,-177.41,-177.24,235.24,16.6,-126.27
4925.19,0.0,-17.18,-27.29,54.15,-177.41,-176.12,407.27,40.48,-139.16
4937.86,0.0,-22.02,-24.93,70.46,-157.7,-163.14,1208.41,33.39,-135.33
4950.56,0.0,-20.64,-22.8,82.55,-137.98,-142.01,1849.67,24.82,-130.7
4963.27,0.0,-22.02,-21.85,81.56,-98.56,-106.74,2555.87,5.68,-120.36
4975.86,0.0,-29.64,-24.04,50.14,-78.85,-77.09,2556.43,-15.84,125.86
4988.44,0.0,-25.48,-24.17,42.75,-39.42,-41.68,2438.03,-25.97,131.32
5001.06,0.0,-17.87,-21.53,63.26,0.0,-4.48,2277.45,-22.81,129.62
5013.5,0.0,-13.72,-18.18,88.27,0.0,9.78,1535.35,-2.89,0.0
5025.69,0.0,-17.87,-17.38,85.51,0.0,11.69,980.45,4.41,0.0
5037.83,0.0,-22.02,-18.42,65.27,0.0,9.68,611.4,1.62,0.0
5049.9,0.0,-21.33,-18.98,52.08,0.0,7.0,323.67,0.94,0.0
5061.99,0.0,-13.03,-16.41,71.06,0.0,4.48,138.32,13.74,-124.72
5074.34,0.0,-13.03,-14.62,79.97,0.0,2.54,211.78,17.94,-126.99
5086.72,0.0,-16.49,-14.67,69.77,19.71,13.74,718.31,3.43,0.0
5098.97,0.0,-17.18,-15.05,57.79,19.71,20.87,713.01,-3.33,0.0
5111.22,0.0,-25.48,-18.41,18.07,39.42,35.4,846.28,-27.2,131.99
5123.71,0.0,-24.79,-20.6,-5.48,39.42,42.11,356.23,-32.48,134.84
5136.19,0.0,-26.18,-22.68,-25.12,19.71,30.73,-573.13,-25.01,130.8
5148.71,0.0,-21.33,-22.39,-19.2,19.71,21.29,-984.97,-13.9,124.81
5161.29,0.0,-17.87,-20.89,-2.26,-19.71,-7.97,-1694.47,11.88,-123.72
5173.8,0.0,-13.03,-18.04,25.86,-19.71,-23.6,-1360.31,24.02,-130.27
5186.41,0.0,-21.33,-19.03,12.96,-39.42,-39.97,-1005.21,16.93,-126.44
5199.04,0.0,-21.33,-19.77,4.18,-39.42,-44.86,-531.5,7.02,-121.09
5211.51,0.0,-26.18,-22.08,-18.83,-19.71,-32.75,139.81,-16.9,126.42
5224.06,0.0,-21.33,-21.96,-15.34,0.0,-12.72,469.51,-25.37,131.0
5236.51,0.0,-17.18,-20.33,2.35,0.0,-2.82,248.83,-16.32,126.11
5248.86,0.0,-13.03,-17.65,28.27,0.0,0.1,23.86,-1.43,0.0
5260.93,0.0,-17.18,-17.26,28.72,-19.71,-11.46,-359.24,7.66,-121.44
5273.41,0.0,-20.64,-18.27,15.39,-19.71,-18.17,-323.04,2.76,0.0
5285.7,0.0,-21.33,-19.27,3.8,-19.71,-20.71,-242.05,-3.16,0.0
5297.96,0.0,-17.18,-18.48,11.06,0.0,-9.71,144.53,-8.25,121.75
5310.3,0.0,-12.34,-16.15,32.45,0.0,-3.25,176.98,-0.16,0.0
5322.42,0.0,-13.72,-15.01,39.69,0.0,-0.46,194.91,2.56,0.0
5334.54,0.0,-17.18,-15.5,30.25,0.0,0.78,194.27,-1.86,0.0
5346.62,0.0,-24.79,-18.66,-4.17,0.0,1.28,113.01,-16.75,126.34
5358.92,0.0,-24.79,-20.93,-25.84,0.0,1.1,-160.57,-22.85,129.64
5371.27,0.0,-29.64,-24.31,-55.72,-19.71,-11.99,-810.31,-24.15,130.34
5383.8,0.0,-30.33,-26.95,-74.66,-19.71,-20.71,-1097.24,-27.1,131.93
5396.4,0.0,-26.18,-27.27,-68.54,-19.71,-25.79,-1201.94,-22.02,129.19
5409.02,0.0,-28.25,-28.18,-68.97,-39.42,-40.05,-1477.92,-15.13,125.47
5421.63,0.0,-30.33,-29.51,-73.54,-59.14,-58.96,-1694.5,-9.92,122.66
5434.22,0.0,-21.33,-27.11,-41.09,-78.85,-79.44,-1804.85,11.52,-123.52
5446.87,0.0,-17.18,-23.82,-3.84,-98.56,-100.08,-1578.38,30.49,-133.76
5459.51,0.0,-21.33,-22.94,5.18,-118.27,-118.99,-1125.15,32.64,-134.93
5472.18,0.0,-21.33,-22.31,10.68,-118.27,-124.42,-401.94,25.79,-131.22
5484.81,0.0,-33.79,-26.42,-30.7,-118.27,-122.88,157.47,-2.42,0.0
5497.2,0.0,-34.48,-29.6,-58.07,-98.56,-107.74,529.95,-24.97,130.78
5509.78,100.0,-33.79,31.88,-426.7,-78.85,-87.97,589.48,-205.21,228.11
5522.54,100.0,-34.48,4.19,-643.76,-98.56,-91.13,-2601.41,-255.0,255.0
5535.32,100.0,-34.48,-15.16,-752.23,-137.98,-132.4,-6519.55,-250.61,252.63
5548.31,100.0,-28.25,-26.14,-764.08,-216.83,-216.94,-10074.35,-188.58,219.13
5561.39,100.0,-29.64,-33.76,-740.91,-315.39,-329.08,-12167.45,-125.22,184.92
5574.47,100.0,-30.33,-38.66,-694.15,-413.95,-444.41,-12612.54,-74.43,157.49
5587.51,100.0,-25.48,-39.59,-614.95,-532.22,-563.68,-12284.67,-18.51,127.29
5600.54,100.0,-42.09,-45.59,-595.31,-670.21,-692.17,-11578.63,6.68,-120.91
5613.53,100.0,-33.1,-45.94,-523.22,-788.48,-810.69,-10503.07,48.77,-143.64
5626.53,100.0,-46.24,-50.37,-500.07,-906.75,-923.38,-9075.56,61.69,-150.61
5639.5,100.0,-38.63,-50.2,-435.15,-1005.31,-1019.98,-7553.02,89.09,-165.41
5652.54,100.0,-33.79,-47.81,-356.46,-1064.44,-1086.61,-5304.01,105.17,-174.09
5665.6,100.0,-37.94,-47.16,-304.71,-1103.87,-1125.21,-2860.72,99.32,-170.93
5678.61,100.0,-41.4,-47.57,-270.07,-1143.29,-1151.15,-1100.44,92.97,-167.5
5691.6,100.0,-38.63,-46.53,-225.71,-1143.29,-1152.38,620.49,85.93,-163.7
5704.52,100.0,-42.09,-46.76,-199.49,-1143.29,-1143.73,1854.0,75.59,-158.12
5717.52,100.0,-24.79,-40.39,-111.97,-1123.58,-1121.96,2856.75,94.58,-168.37
5730.55,100.0,-24.1,-35.37,-48.74,-1084.16,-1084.39,4214.71,93.62,-167.86
5743.57,100.0,-19.95,-30.14,8.45,-1025.02,-1026.87,5628.78,84.57,-162.97
5756.51,100.0,-17.18,-25.34,54.22,-985.6,-972.64,6253.33,83.31,-162.29
5769.42,100.0,-15.8,-21.41,85.72,-926.46,-912.29,6803.2,75.33,-157.98
5782.32,100.0,-13.72,-17.9,109.17,-847.61,-838.14,7447.24,58.97,-149.14
5795.32,100.0,-5.42,-12.44,148.59,-768.77,-757.49,7787.85,53.28,-146.07
5808.3,100.0,11.19,-2.59,225.91,-670.21,-664.56,8294.29,60.28,-149.85
5821.28,100.0,-1.26,-0.24,220.17,-591.36,-577.23,8525.64,34.32,-135.83
5834.22,100.0,8.42,4.73,240.9,-492.8,-482.17,8542.11,22.08,-129.22
5847.16,100.0,15.34,10.59,267.59,-394.24,-384.94,8444.05,14.02,-124.87
5860.2,100.0,21.57,16.81,294.3,-295.68,-287.14,8266.68,7.27,-121.23
5873.26,100.0,40.95,28.07,366.61,-177.41,-178.14,8403.06,14.78,-125.28
5886.34,100.0,32.64,32.78,365.83,-59.14,-62.87,8779.21,-16.69,126.31
5899.36,100.0,45.1,40.3,392.74,59.14,55.99,8680.41,-28.89,132.9
5912.32,100.0,38.18,42.76,367.03,157.7,162.14,8074.73,-54.91,146.95
5925.41,100.0,61.02,52.48,414.96,236.54,249.38,6722.34,-30.46,133.75
5938.47,100.0,52.71,56.0,396.49,295.68,312.7,5536.17,-33.42,135.35
5951.6,100.0,82.47,68.97,472.24,335.1,355.73,4145.68,16.06,-125.97
5964.7,100.0,77.62,76.06,481.03,374.53,389.1,3732.21,22.39,-129.39
5977.82,100.0,77.62,80.64,464.1,413.95,423.86,3616.12,11.88,-123.72
5991.0,100.0,94.23,89.48,490.76,473.09,472.43,3816.15,13.59,-124.64
6004.15,100.0,99.08,97.08,501.93,512.51,516.66,3828.33,12.14,-123.86
6017.37,100.0,106.69,104.8,512.5,571.65,569.86,4082.92,4.66,0.0
6030.43,100.0,110.84,111.26,510.16,630.78,627.66,4287.17,-9.28,122.31
6043.72,100.0,119.84,118.69,516.58,670.21,676.12,3891.34,-7.68,121.45
6056.99,100.0,128.14,126.5,525.8,709.63,717.08,3450.94,-2.17,0.0
6070.09,100.0,140.6,136.02,551.5,729.34,742.86,2823.01,17.75,-126.89
6083.74,100.0,140.6,142.47,541.0,749.05,762.32,2502.14,18.01,-127.03
6097.14,100.0,152.36,150.68,550.4,788.48,791.51,2632.32,18.28,-127.17
6110.83,100.0,152.36,156.08,529.53,827.9,827.75,2912.37,0.44,0.0
6126.8,100.0,152.36,160.09,486.16,887.04,881.79,3151.83,-31.2,134.15
6144.0,100.0,152.36,162.57,428.83,926.46,930.37,2392.31,-53.14,146.0
6157.43,100.0,165.51,167.3,418.76,946.17,952.88,1315.45,-43.34,140.7
6170.82,100.0,161.36,168.69,377.59,946.17,956.15,240.23,-43.52,140.8
6184.21,100.0,168.97,172.0,360.57,926.46,939.97,-992.91,-25.47,131.05
6199.4,100.0,168.97,174.37,330.25,906.75,914.19,-1744.47,-18.22,127.14
6216.58,100.0,168.97,176.0,290.79,887.04,885.88,-2035.69,-21.42,128.87
6232.81,100.0,168.97,176.43,248.92,847.61,849.76,-2510.51,-21.72,129.03
6246.25,100.0,168.97,175.83,210.42,827.9,823.02,-2614.26,-29.3,133.12
6261.49,100.0,168.97,175.36,174.56,788.48,786.31,-3006.53,-28.91,132.91
6274.92,100.0,161.36,171.73,116.31,749.05,747.76,-3374.26,-39.59,138.68
6288.36,100.0,153.05,165.9,44.19,689.92,695.06,-4182.56,-47.22,142.8
6301.77,100.0,164.82,165.88,38.2,630.78,634.13,-5023.06,-21.79,129.07
6315.17,100.0,165.51,166.07,35.05,571.65,569.67,-5254.87,-3.33,0.0
6328.28,100.0,146.82,159.33,-35.16,512.51,507.7,-5090.11,-23.11,129.78
6341.7,100.0,157.2,158.25,-41.07,453.37,447.64,-5175.75,-9.92,122.66
6357.21,100.0,157.2,157.47,-42.55,374.53,371.58,-5213.97,8.52,-121.9
6370.56,100.0,148.21,153.72,-73.52,315.39,309.9,-4847.15,3.43,0.0
6383.71,100.0,162.74,156.4,-37.95,275.97,263.72,-4257.12,22.23,-129.3
6398.99,100.0,162.74,158.35,-13.31,216.83,209.39,-3557.19,36.53,-137.03
6412.36,100.0,157.2,157.82,-16.75,197.12,182.64,-2383.93,23.87,-130.19
6425.93,100.0,157.2,157.45,-18.13,197.12,177.9,-1181.2,6.2,-120.65
6439.23,100.0,148.9,154.17,-47.74,216.83,194.41,-100.97,-28.26,132.56
6452.48,100.0,140.6,148.81,-93.86,216.83,207.08,-79.93,-53.95,146.43
6465.67,100.0,136.44,143.51,-133.53,216.83,212.4,-662.01,-66.12,153.01
6478.95,100.0,137.83,140.31,-147.45,197.12,199.78,-1739.82,-54.61,146.79
6492.34,100.0,139.9,138.91,-141.87,177.41,177.03,-2522.44,-35.93,136.7
6508.5,100.0,139.9,137.82,-130.15,157.7,148.89,-2769.04,-21.28,128.79
6521.82,100.0,123.3,131.41,-175.71,137.98,127.33,-2608.31,-41.0,139.44
6535.22,100.0,136.44,131.76,-149.39,98.56,96.03,-3096.94,-15.08,125.44
6548.46,100.0,128.14,129.18,-155.23,59.14,57.44,-3240.64,-7.42,121.31
6561.66,100.0,123.99,125.98,-166.43,19.71,17.64,-3256.1,-3.95,0.0
6574.64,100.0,119.84,122.37,-180.63,-19.71,-21.72,-3223.57,-2.81,0.0
6587.61,100.0,111.53,116.92,-210.89,-59.14,-60.95,-3183.57,-9.52,122.44
6600.83,100.0,123.99,117.73,-175.78,-98.56,-100.4,-3240.12,15.8,-125.83
6614.11,100.0,111.53,113.99,-189.56,-137.98,-140.22,-2912.13,12.7,-124.16
6627.44,100.0,103.23,108.45,-218.89,-157.7,-166.44,-2340.78,-4.92,0.0
6640.5,100.0,110.84,107.51,-200.21,-157.7,-173.83,-1698.57,-5.89,120.48
6653.77,100.0,110.84,107.04,-178.87,-137.98,-161.94,-726.06,-15.25,125.53
6666.96,100.0,99.08,102.63,-198.84,-137.98,-151.75,-338.25,-34.68,136.03
6680.12,100.0,99.08,99.67,-202.2,-137.98,-145.46,-507.13,-37.14,137.35
6693.25,100.0,102.54,99.03,-182.54,-157.7,-155.41,-1141.39,-17.72,126.87
6706.49,100.0,102.54,98.78,-161.44,-177.41,-174.58,-1522.71,1.05,0.0
6719.51,100.0,111.53,102.1,-108.51,-197.12,-196.01,-1556.86,30.42,-133.73
6732.86,100.0,122.6,108.67,-30.3,-216.83,-216.82,-1113.47,64.86,-152.32
6746.15,100.0,107.38,107.94,-33.46,-197.12,-211.27,453.74,38.19,-137.92
6759.38,100.0,111.53,108.97,-19.09,-177.41,-188.84,1510.9,23.19,-129.82
6772.63,100.0,106.69,107.98,-26.33,-157.7,-162.26,2048.45,4.89,0.0
6785.61,100.0,103.23,106.03,-42.04,-118.27,-125.41,2433.03,-17.74,126.88
6798.86,100.0,111.53,107.68,-20.43,-78.85,-84.72,2435.46,-18.15,127.1
6812.01,100.0,114.99,110.18,6.56,-78.85,-68.12,1700.86,1.27,0.0
6824.82,100.0,106.69,108.96,-6.18,-78.85,-65.51,1129.65,3.23,0.0
6837.61,100.0,102.54,106.56,-28.79,-78.85,-67.44,671.3,-0.13,0.0
6850.41,100.0,107.38,106.63,-24.57,-78.85,-70.64,307.12,7.87,-121.55
6863.45,100.0,111.53,108.21,-5.95,-78.85,-73.84,197.99,18.86,-127.48
6876.49,100.0,111.53,109.38,6.14,-59.14,-64.11,686.52,14.75,-125.27
6889.54,100.0,110.84,109.96,11.07,-39.42,-45.88,1181.92,5.14,-120.08
6902.62,100.0,110.84,110.37,13.68,0.0,-12.48,1806.56,-11.24,123.37
6915.65,100.0,112.22,111.16,19.63,19.71,16.16,1803.45,-15.42,125.63
6928.76,100.0,107.38,109.94,5.24,39.42,39.58,1575.69,-24.47,130.52
6941.78,100.0,103.23,107.53,-18.94,39.42,47.91,852.83,-27.07,131.92
6954.82,100.0,110.84,108.58,-6.28,19.71,35.85,-245.76,-1.78,0.0
6967.59,100.0,119.84,112.64,34.09,19.71,25.05,-506.1,23.82,-130.16
6980.68,100.0,119.84,115.55,58.13,0.0,7.56,-498.95,39.73,-138.76
6993.62,100.0,119.84,117.59,70.71,0.0,0.45,42.77,39.84,-138.82
7006.48,100.0,115.68,117.47,60.66,19.71,12.04,941.95,19.36,-127.75
7019.55,100.0,114.99,117.07,48.99,59.14,44.86,1848.91,-7.4,121.3
7032.59,100.0,111.53,115.45,26.98,78.85,74.79,1922.36,-25.92,131.3
7045.68,100.0,111.53,114.24,11.75,98.56,99.14,1525.61,-33.0,135.12
7058.8,100.0,114.99,114.62,13.86,98.56,107.01,679.15,-21.17,128.73
7071.94,100.0,127.45,119.42,58.93,78.85,94.07,-296.76,18.1,-127.07
7085.02,100.0,119.84,120.06,57.67,59.14,71.88,-600.6,28.15,-132.5
7098.09,100.0,114.99,118.69,36.93,39.42,49.52,-643.86,25.13,-130.87
7111.18,100.0,127.45,122.19,66.42,39.42,40.11,-314.63,36.8,-137.17
7124.28,100.0,123.99,123.4,69.71,59.14,49.64,632.16,22.37,-129.38
7137.38,100.0,119.14,122.43,51.29,78.85,70.26,1331.85,-1.33,0.0
7150.26,100.0,119.84,121.9,39.71,118.27,105.6,1872.45,-23.28,129.87
7163.46,100.0,115.68,119.96,15.69,137.98,134.85,1674.91,-38.59,138.14
7176.71,100.0,123.99,121.56,29.29,157.7,157.42,1128.29,-29.47,133.21
7189.96,100.0,132.29,125.73,66.13,157.7,163.72,435.19,-3.0,0.0
7202.94,100.0,132.98,128.92,88.93,137.98,150.86,-175.98,20.74,-128.5
7216.11,100.0,123.3,127.61,64.7,118.27,130.69,-425.92,18.92,-127.52
7229.32,100.0,123.3,126.58,46.28,118.27,121.06,-275.72,10.99,-123.23
7242.54,100.0,128.14,127.54,49.67,137.98,129.54,255.75,2.92,0.0
7255.49,100.0,123.99,126.65,34.73,157.7,147.5,747.15,-15.54,125.69
7268.69,100.0,132.29,129.0,53.2,177.41,169.18,886.08,-14.01,124.86
7281.89,100.0,136.44,132.16,77.22,177.41,178.83,621.04,-0.62,0.0
7294.86,100.0,132.29,132.85,74.11,157.7,169.67,83.4,8.97,-122.14
7307.97,100.0,140.6,136.29,98.25,157.7,163.06,-24.88,24.31,-130.43
7321.14,100.0,132.29,135.65,79.39,177.41,171.39,590.97,5.0,-120.0
7334.27,100.0,127.45,133.32,46.43,177.41,178.12,631.26,-12.1,123.84
7347.49,100.0,123.99,130.3,11.0,197.12,192.75,649.37,-32.32,134.75
7360.66,100.0,123.3,127.83,-14.47,216.83,210.46,465.35,-45.9,142.09
7373.85,100.0,128.14,127.82,-12.7,216.83,216.73,-192.18,-36.91,137.23
7387.11,100.0,136.44,130.86,18.61,197.12,204.12,-1036.59,-6.43,120.77
7400.38,100.0,140.6,134.58,52.4,197.12,194.35,-1007.65,11.69,-123.61
7413.66,100.0,128.14,132.67,26.99,177.41,178.87,-902.48,2.48,0.0
7426.59,100.0,119.84,128.2,-19.98,177.41,173.22,-682.35,-21.32,128.81
7439.77,100.0,119.14,124.73,-51.32,177.41,172.0,-750.61,-34.96,136.18
7453.0,100.0,123.99,124.03,-51.53,157.7,159.49,-1335.53,-23.63,130.06
7466.27,100.0,132.29,126.61,-19.64,157.7,151.16,-1389.8,-6.17,120.63
7479.51,100.0,123.99,125.49,-28.06,137.98,135.84,-1384.45,-6.58,120.85
7492.7,100.0,114.99,121.42,-64.14,118.27,117.99,-1466.68,-18.16,127.11
7505.96,100.0,111.53,117.27,-96.34,98.56,98.56,-1729.59,-25.14,130.88
7519.11,100.0,114.99,115.63,-99.94,78.85,77.6,-2036.04,-17.89,126.96
7532.26,100.0,116.38,115.07,-92.61,39.42,44.1,-2499.87,-0.02,0.0
7545.16,100.0,111.53,113.02,-100.96,0.0,4.87,-2715.01,8.24,-121.75
7558.12,100.0,106.69,109.88,-118.86,-19.71,-24.06,-2406.28,1.48,0.0
7571.05,100.0,107.38,107.99,-122.28,-39.42,-45.89,-2099.89,-0.35,0.0
7583.97,100.0,111.53,108.28,-104.03,-39.42,-53.21,-1496.11,-0.07,0.0
7596.91,100.0,106.69,106.84,-104.9,-59.14,-64.65,-1253.6,-2.2,0.0
7609.82,100.0,99.08,103.15,-127.75,-59.14,-68.04,-891.51,-18.52,127.3
7622.9,100.0,103.23,102.12,-121.51,-59.14,-67.57,-783.66,-18.48,127.28
7636.02,100.0,98.38,99.74,-129.13,-59.14,-66.82,-709.51,-24.49,130.52
7649.04,100.0,99.08,98.43,-125.51,-59.14,-66.08,-751.47,-23.51,130.0
7662.06,100.0,98.38,97.38,-119.86,-78.85,-77.62,-1140.28,-13.27,124.47
7675.14,100.0,98.38,96.75,-110.68,-98.56,-96.09,-1439.18,-0.94,0.0
7687.97,100.0,99.08,96.7,-97.33,-118.27,-116.75,-1519.69,10.74,-123.1
7701.08,100.0,103.23,98.27,-69.52,-118.27,-125.83,-1032.22,17.92,-126.98
7714.3,100.0,114.99,103.79,-6.67,-118.27,-126.97,-389.22,37.57,-137.59
7727.47,100.0,111.53,106.56,21.21,-98.56,-112.32,759.26,29.77,-133.38
7740.63,100.0,110.84,108.3,35.45,-78.85,-88.48,1613.05,17.92,-126.98
7753.78,100.0,115.68,111.29,60.09,-39.42,-50.85,2375.19,9.03,-122.17
7766.83,100.0,102.54,108.59,26.08,-19.71,-19.77,2506.6,-16.21,126.05
7779.93,100.0,99.08,105.33,-9.05,19.71,16.99,2394.68,-40.05,138.93
7792.95,100.0,107.38,106.01,-1.34,39.42,43.01,1666.46,-32.08,134.62
7806.02,100.0,115.68,109.53,33.2,59.14,61.45,1105.75,-12.0,123.78
7819.11,100.0,111.53,110.54,38.79,59.14,66.03,629.71,-3.06,0.0
7831.88,100.0,103.23,108.18,10.98,59.14,65.27,316.3,-10.94,123.21
7844.93,100.0,108.07,108.23,10.08,39.42,51.72,-382.78,2.6,0.0
7857.71,100.0,107.38,108.0,6.58,39.42,42.46,-480.61,4.83,0.0
7870.42,100.0,103.23,106.31,-10.73,39.42,38.16,-357.92,-4.05,0.0
7883.21,100.0,102.54,104.85,-23.7,39.42,37.03,-308.75,-10.71,123.09
7896.24,100.0,102.54,103.81,-30.83,39.42,36.79,-345.1,-13.69,124.69
7909.29,100.0,107.38,104.86,-16.66,39.42,36.5,-411.08,-6.22,120.66
7922.31,100.0,107.38,105.64,-6.9,39.42,36.03,-349.65,-2.57,0.0
7935.09,100.0,111.53,107.73,14.41,19.71,24.57,-600.24,14.04,-124.88
7948.16,100.0,115.68,110.76,42.06,0.0,6.86,-702.77,33.18,-135.22
7961.07,100.0,117.07,113.41,62.61,0.0,-0.91,-194.19,37.57,-137.59
7974.02,100.0,124.68,118.04,99.88,19.71,10.22,756.78,38.67,-138.18
7987.1,100.0,123.99,121.04,116.42,39.42,31.5,1659.74,28.53,-132.7
8000.29,100.0,119.84,121.57,106.66,78.85,68.4,2532.27,2.68,0.0
8013.22,100.0,115.68,120.3,80.76,118.27,111.24,2880.66,-24.51,130.53
8026.43,100.0,111.53,117.77,45.71,157.7,154.25,2678.45,-48.01,143.23
8039.64,100.0,111.53,115.88,21.32,157.7,170.8,1406.44,-44.16,141.14
8052.88,100.0,119.84,117.5,34.42,177.41,182.34,549.95,-27.82,132.32
8066.07,100.0,128.14,121.67,70.7,177.41,182.41,-72.12,-1.07,0.0
8078.98,100.0,128.14,124.61,90.48,157.7,167.45,-518.07,19.33,-127.74
8092.16,100.0,123.3,124.89,81.53,157.7,158.9,-292.48,14.7,-125.24
8105.41,100.0,128.14,126.76,89.26,177.41,168.22,325.88,7.49,-121.35
8118.56,100.0,128.14,128.01,89.98,177.41,175.4,522.39,3.91,0.0
8131.51,100.0,125.37,127.79,76.42,197.12,190.98,848.81,-10.46,122.95
8144.7,100.0,123.99,127.04,59.3,216.83,210.82,963.55,-24.51,130.54
8157.88,100.0,127.45,127.68,57.97,216.83,219.57,489.21,-19.67,127.92
8171.09,100.0,132.29,129.85,71.65,197.12,208.99,-318.84,2.09,0.0
8184.05,100.0,132.29,131.33,77.03,177.41,188.67,-786.46,17.38,-126.68
8197.26,100.0,125.37,129.8,52.17,157.7,166.14,-908.68,13.82,-124.76
8210.5,100.0,132.29,131.15,58.58,157.7,156.22,-643.59,15.83,-125.85
8223.72,100.0,128.14,130.54,45.09,177.41,165.22,123.25,-3.74,0.0
8236.68,100.0,119.84,127.0,4.86,197.12,184.69,619.26,-34.61,135.99
8249.78,100.0,110.84,121.14,-52.95,216.83,206.97,558.99,-66.51,153.22
8262.94,100.0,111.53,117.19,-84.71,216.83,215.8,-352.93,-70.51,155.37
8276.13,100.0,107.38,112.9,-115.68,197.12,202.88,-1623.45,-63.61,151.65
8289.44,100.0,110.84,111.17,-117.52,157.7,167.37,-2976.48,-36.39,136.95
8302.78,100.0,114.99,111.57,-98.31,118.27,122.13,-3677.29,-6.6,120.86
8316.0,100.0,111.53,110.73,-93.82,78.85,76.67,-3676.35,5.96,-120.52
8329.14,100.0,123.99,114.79,-42.19,39.42,34.88,-3389.9,35.61,-136.53
8342.3,100.0,115.68,114.76,-37.03,19.71,7.63,-2344.4,28.78,-132.84
8355.35,100.0,107.38,111.76,-61.62,19.71,2.2,-1160.15,0.44,0.0
8368.15,100.0,102.54,107.89,-91.67,19.71,6.43,-567.66,-24.24,130.39
8381.15,100.0,103.23,105.43,-104.04,39.42,22.86,-180.71,-40.82,139.34
8394.29,100.0,115.68,108.31,-62.64,19.71,20.03,-781.03,-12.53,124.07
8407.35,100.0,114.99,110.23,-35.91,19.71,15.66,-780.9,0.6,0.0
8420.18,100.0,111.53,110.41,-29.63,-19.71,-9.31,-1231.74,16.24,-126.07
8433.26,100.0,111.53,110.57,-24.26,-19.71,-22.05,-896.18,16.65,-126.29
8446.36,100.0,107.38,109.21,-34.51,0.0,-13.87,-45.24,-3.22,0.0
8459.06,100.0,107.38,108.26,-39.46,19.71,5.7,528.97,-19.36,127.75
8472.06,100.0,108.76,108.12,-35.84,19.71,16.78,383.01,-18.6,127.34
8485.11,100.0,110.84,108.81,-24.48,39.42,32.18,437.3,-18.23,127.14
8498.15,100.0,107.38,108.09,-28.46,39.42,38.79,205.29,-18.5,127.29
8511.18,100.0,103.23,106.08,-44.46,39.42,40.26,-95.25,-22.17,129.27
8524.18,100.0,107.38,106.19,-37.76,39.42,39.26,-403.16,-14.54,125.15
8537.27,100.0,111.53,107.82,-16.95,19.71,25.57,-869.81,5.35,-120.19
8550.3,100.0,106.69,107.27,-20.22,0.0,5.84,-1051.44,11.31,-123.41
8563.25,100.0,102.54,105.37,-36.15,0.0,-3.19,-750.48,1.36,0.0
8575.89,100.0,103.23,104.3,-42.17,0.0,-5.2,-502.07,-5.03,120.01
8588.73,100.0,103.23,103.56,-44.06,19.71,6.84,-4.45,-16.78,126.36
8601.65,100.0,106.69,104.34,-30.91,19.71,14.41,-7.13,-12.82,124.22
8614.61,100.0,106.69,104.95,-21.13,0.0,5.87,-448.12,0.26,0.0
8627.25,100.0,103.23,104.15,-26.3,0.0,0.09,-448.31,-0.91,0.0
8639.87,100.0,102.54,103.35,-30.87,-19.71,-13.91,-717.1,4.23,0.0
8652.69,100.0,107.38,104.57,-15.09,-19.71,-21.1,-596.41,11.38,-123.45
8665.76,100.0,111.53,106.99,10.42,-19.71,-23.48,-267.28,18.94,-127.53
8678.86,100.0,114.99,110.0,38.45,0.0,-11.07,492.92,17.75,-126.89
8691.88,100.0,128.14,116.94,101.31,19.71,9.71,1187.03,32.15,-134.66
8705.04,100.0,128.14,121.88,136.46,39.42,33.64,1904.9,32.92,-135.07
8718.2,100.0,115.68,120.76,107.99,78.85,70.59,2743.37,-1.07,0.0
8731.13,100.0,111.53,118.27,70.15,118.27,113.25,2949.73,-31.71,134.42
8744.37,100.0,114.99,117.66,55.15,157.7,155.49,2588.03,-43.27,140.66
8757.62,100.0,123.99,120.44,75.08,177.41,182.49,1736.84,-27.34,132.06
8770.86,100.0,123.99,122.36,84.19,177.41,188.92,832.91,-10.39,122.91
8784.05,100.0,119.84,122.15,71.22,157.7,175.02,-81.89,1.46,0.0
8796.9,100.0,115.68,120.37,44.93,157.7,164.37,-356.15,-3.52,0.0
8809.82,100.0,119.84,120.54,40.97,157.7,158.55,-443.48,-2.22,0.0
8822.77,100.0,119.84,120.62,36.56,177.41,167.31,-29.09,-12.33,123.96
8835.91,100.0,123.99,122.15,46.85,177.41,173.11,-16.39,-8.78,122.04
8848.98,100.0,115.68,120.18,21.61,177.41,175.56,-60.05,-20.22,128.22
8862.1,100.0,115.68,118.72,4.58,157.7,164.7,-659.45,-16.35,126.13
8875.26,100.0,123.99,120.68,23.14,137.98,145.38,-1221.56,5.71,-120.38
8888.47,100.0,124.68,122.33,36.3,118.27,122.78,-1338.03,19.53,-127.85
8901.74,100.0,119.14,121.47,23.21,98.56,101.21,-1172.05,16.59,-126.26
8914.95,100.0,127.45,123.85,43.4,98.56,93.29,-699.77,21.23,-128.76
8928.06,100.0,123.3,124.01,39.39,118.27,104.26,223.22,3.15,0.0
8940.99,100.0,123.99,124.32,37.5,118.27,113.71,469.37,-3.44,0.0
8953.96,100.0,135.75,128.81,76.48,137.98,130.52,750.14,6.87,-121.01
8967.12,100.0,132.29,130.72,85.31,157.7,150.59,1162.61,0.54,0.0
8980.16,100.0,139.9,134.78,114.08,177.41,172.63,1381.45,6.1,-120.59
8993.44,100.0,140.6,137.86,129.41,197.12,194.59,1581.46,5.9,-120.48
9006.72,100.0,133.68,137.43,108.36,216.83,216.33,1689.36,-9.88,122.64
9019.99,100.0,131.6,136.21,82.47,236.54,237.45,1506.19,-23.62,130.05
9033.25,100.0,127.45,133.7,47.35,256.26,256.73,1142.55,-38.79,138.25
9046.49,100.0,123.99,130.55,10.49,256.26,262.66,298.31,-44.55,141.36
9059.7,100.0,123.99,128.24,-13.4,236.54,248.88,-889.46,-34.47,135.91
9072.91,100.0,128.14,128.09,-13.14,236.54,236.78,-1397.83,-23.82,130.16
9086.2,100.0,135.75,130.78,14.77,216.83,217.39,-1768.8,-0.36,0.0
9099.28,100.0,140.6,134.49,49.06,177.41,184.32,-2079.37,28.87,-132.89
9112.55,100.0,128.14,132.58,24.12,157.7,157.3,-1643.09,17.78,-126.9
9125.8,100.0,123.99,129.65,-7.64,157.7,148.6,-983.84,-4.7,0.0
9138.7,100.0,119.14,125.75,-44.71,157.7,148.75,-655.28,-27.22,132.0
9151.89,100.0,119.84,123.21,-63.67,157.7,150.48,-729.18,-35.9,136.69
9165.1,100.0,123.99,122.96,-57.92,157.7,150.78,-942.6,-30.65,133.85
9178.34,100.0,128.14,124.37,-36.74,137.98,138.12,-1391.89,-11.29,123.4
9191.62,100.0,128.14,125.43,-21.56,118.27,118.83,-1580.44,3.18,0.0
9204.66,100.0,127.45,125.99,-13.39,98.56,98.42,-1528.96,11.17,-123.33
9217.83,100.0,119.84,123.63,-34.69,78.85,78.62,-1358.01,3.38,0.0
9230.71,100.0,116.38,120.7,-58.96,78.85,71.58,-989.34,-12.15,123.86
9243.76,100.0,107.38,115.34,-103.67,78.85,70.56,-796.97,-36.41,136.96
9256.9,100.0,115.68,114.6,-97.61,59.14,59.53,-1337.48,-23.64,130.07
9270.04,100.0,111.53,112.67,-103.99,39.42,40.46,-1722.91,-17.0,126.48
9283.24,100.0,119.14,114.16,-76.02,19.71,18.9,-1932.18,3.76,0.0
9296.14,100.0,119.14,115.36,-54.78,0.0,-2.48,-1769.66,16.0,-125.94
9309.14,100.0,119.14,116.29,-38.75,-19.71,-22.08,-1437.81,22.99,-129.71
9322.3,100.0,119.14,117.01,-26.76,-19.71,-28.45,-721.19,19.13,-127.63
9335.44,100.0,119.14,117.56,-17.9,0.0,-15.56,240.79,5.41,-120.22
9348.38,100.0,114.99,116.48,-26.24,0.0,-5.11,542.9,-5.83,120.45
9361.25,100.0,110.84,114.2,-45.13,19.71,12.39,783.95,-22.97,129.7
9374.31,100.0,110.84,112.6,-55.02,39.42,32.53,760.27,-32.72,134.97
9387.38,100.0,110.84,111.5,-58.73,19.71,29.05,-119.59,-20.91,128.59
9400.45,100.0,111.53,111.02,-55.89,0.0,11.28,-916.37,-3.71,0.0
9413.18,100.0,115.68,112.27,-36.76,-19.71,-11.78,-1318.13,16.61,-126.27
9426.32,100.0,115.68,113.21,-22.89,-19.71,-23.56,-909.55,19.63,-127.9
9439.49,100.0,127.45,118.22,28.9,-39.42,-37.83,-697.37,44.23,-141.19
9452.58,100.0,115.68,117.53,18.52,-39.42,-42.52,72.55,29.22,-133.08
9465.64,100.0,114.99,116.76,8.59,-19.71,-28.68,885.72,9.05,-122.19
9478.64,100.0,119.14,117.7,16.69,0.0,-7.05,1325.47,0.95,0.0
9491.36,100.0,119.84,118.61,23.54,19.71,15.65,1517.89,-4.23,0.0
9504.25,100.0,119.84,119.25,26.81,39.42,37.7,1534.34,-8.24,121.75
9517.31,100.0,110.84,116.4,-4.42,59.14,58.56,1442.18,-26.56,131.64
9530.36,100.0,114.99,115.85,-9.24,59.14,66.63,732.38,-20.24,128.23
9543.41,100.0,119.14,116.98,2.92,39.42,54.51,-222.38,2.76,0.0
9556.19,100.0,124.68,119.81,30.23,39.42,44.45,-405.64,20.94,-128.6
9569.26,100.0,132.29,124.62,73.28,39.42,39.31,-101.25,38.24,-137.95
9582.4,100.0,136.44,129.55,111.98,59.14,50.45,831.45,40.39,-139.11
9595.56,100.0,123.99,128.45,86.91,78.85,71.69,1728.78,10.83,-123.15
9608.69,100.0,123.99,127.55,66.92,118.27,108.47,2317.02,-15.82,125.84
9621.95,100.0,127.45,128.07,63.41,137.98,138.47,2066.07,-20.59,128.42
9635.18,100.0,114.99,123.83,13.81,157.7,161.02,1621.21,-42.37,140.18
9648.41,100.0,121.22,122.99,3.86,157.7,167.86,559.29,-32.72,134.97
9661.56,100.0,127.45,124.65,19.55,157.7,164.89,-228.68,-12.71,124.17
9674.78,100.0,136.44,129.12,60.65,157.7,159.41,-487.93,12.11,-123.84
9688.0,100.0,131.6,130.54,66.62,157.7,155.75,-226.79,12.49,-124.04
9701.2,100.0,123.3,128.45,37.69,177.41,167.29,400.07,-12.83,124.23
9714.41,100.0,123.99,127.14,20.01,197.12,187.05,659.52,-29.65,133.31
9727.6,100.0,123.99,126.15,7.86,216.83,208.18,614.0,-39.81,138.79
9740.73,100.0,128.14,126.94,14.56,216.83,216.59,52.98,-30.26,133.64
9753.89,100.0,128.14,127.5,18.14,197.12,205.4,-747.75,-13.63,124.66
9767.12,100.0,123.3,126.12,2.29,157.7,173.21,-1629.86,0.35,0.0
9780.09,100.0,123.99,125.36,-5.41,137.98,143.76,-1880.22,7.85,-121.54
9793.24,100.0,123.99,124.81,-10.04,118.27,118.59,-1781.55,10.43,-122.93
9806.5,100.0,128.14,125.94,2.29,118.27,108.71,-1208.15,10.02,-122.71
9819.72,100.0,128.14,126.76,10.0,118.27,107.79,-600.66,4.8,0.0
9832.67,100.0,131.6,128.61,26.77,118.27,110.78,-201.9,6.07,-120.58
9845.82,100.0,131.6,129.93,36.16,118.27,114.11,69.2,5.85,-120.46
9858.95,100.0,135.75,132.36,55.22,137.98,128.56,569.29,4.06,0.0
9871.91,100.0,139.9,135.57,79.56,137.98,137.14,663.88,12.48,-124.04
9885.13,100.0,141.29,138.32,96.2,157.7,152.86,1057.6,11.23,-123.36
9898.41,100.0,135.75,138.19,82.49,157.7,161.47,1053.69,3.56,0.0
9911.44,100.0,132.29,136.72,57.62,177.41,176.5,1144.3,-12.54,124.07
9924.71,100.0,136.44,137.1,53.91,197.12,194.89,1060.63,-17.1,126.53
9937.99,100.0,133.68,136.31,39.13,197.12,201.99,597.53,-18.39,127.23
9951.2,100.0,127.45,133.4,5.72,177.41,190.73,-256.46,-18.17,127.11
9964.38,100.0,128.14,131.53,-13.29,157.7,169.87,-1055.6,-9.88,122.63
9977.64,100.0,141.98,135.23,24.59,137.98,145.32,-1522.86,21.01,-128.64
9990.95,100.0,144.75,138.91,57.32,118.27,121.06,-1340.14,40.01,-138.9
10004.2,100.0,128.83,135.71,18.69,118.27,112.13,-489.15,11.78,-123.66
